sobek/output sobek maximum depth q50.asc
nCols        140
nRows        174
xllCorner    108250
yllCorner    537700
CellSize     25
nodata_value -999.999
[rows 100 to 124 of 174, columns 56 to 111 of 140]
0 0 0 0 0 0 0 0 0 0 0 0 0 0 0 0 0 0 0 5.53000010550022E-02 3.75000014901161E-02 4.52999994158745E-02 2.96000000089407E-02 .208299994468689 9.99999974737875E-05 0 0 0 .142700001597404 .102700002491474 .112700000405312 7.27000012993813E-02 4.25999984145164E-02 .182500004768372 .172499999403954 .122500002384186 0 .13230000436306 .17229999601841 0 0 -999.9990234375 -999.9990234375 -999.9990234375 -999.9990234375 -999.9990234375 -999.9990234375 -999.9990234375 -999.9990234375 -999.9990234375 -999.9990234375 -999.9990234375 -999.9990234375 -999.9990234375 -999.9990234375 -999.9990234375
0 0 0 0 0 0 0 0 0 0 0 0 0 0 0 0 0 0 0 2.77999993413687E-02 6.54999986290932E-02 2.69000008702278E-02 .014299999922514 .034000001847744 .113399997353554 9.99999974737875E-05 3.80000006407499E-03 0 .012699999846518 8.26999992132187E-02 .112700000405312 .112700000405312 .132699996232986 .122599996626377 .162599995732307 7.24999979138374E-02 0 .202299997210503 0 0 -999.9990234375 -999.9990234375 -999.9990234375 -999.9990234375 -999.9990234375 -999.9990234375 -999.9990234375 -999.9990234375 -999.9990234375 -999.9990234375 -999.9990234375 -999.9990234375 -999.9990234375 -999.9990234375 -999.9990234375 -999.9990234375
0 0 0 0 0 0 0 0 0 0 0 0 0 0 0 0 0 0 0 0 7.85000026226044E-02 1.78999993950129E-02 2.99999993294477E-02 2.54999995231628E-02 1.72000005841255E-02 8.25000032782555E-02 1.75000000745058E-02 0 0 4.27000001072884E-02 .132699996232986 .132699996232986 .122699998319149 .162699997425079 .142700001597404 .012699999846518 4.28000018000603E-02 0 0 -999.9990234375 -999.9990234375 -999.9990234375 -999.9990234375 -999.9990234375 -999.9990234375 -999.9990234375 -999.9990234375 -999.9990234375 -999.9990234375 -999.9990234375 -999.9990234375 -999.9990234375 -999.9990234375 -999.9990234375 -999.9990234375 -999.9990234375
0 0 0 0 0 0 0 0 0 0 0 0 0 0 0 0 0 0 0 0 0 1.96000002324581E-02 3.24000008404255E-02 5.9000002220273E-03 0 5.82999996840954E-02 8.51000025868416E-02 0 3.89999989420176E-03 0 2.70000007003546E-03 .192800000309944 .132799997925758 .132799997925758 .142800003290176 .142800003290176 .202800005674362 0 0 -999.9990234375 -999.9990234375 -999.9990234375 -999.9990234375 -999.9990234375 -999.9990234375 -999.9990234375 -999.9990234375 -999.9990234375 -999.9990234375 -999.9990234375 -999.9990234375 -999.9990234375 -999.9990234375 -999.9990234375 -999.9990234375 -999.9990234375
0 0 0 0 0 0 0 0 0 0 0 0 0 0 0 0 0 0 0 0 0 0 0 .011400000192225 6.00000028498471E-04 3.89999989420176E-03 .093800000846386 9.39000025391579E-02 3.39000001549721E-02 1.37999998405576E-02 1.35000003501773E-02 8.28000009059906E-02 .172800004482269 .182799994945526 .162799999117851 .262800008058548 0 0 -999.9990234375 -999.9990234375 -999.9990234375 -999.9990234375 -999.9990234375 -999.9990234375 -999.9990234375 -999.9990234375 -999.9990234375 -999.9990234375 -999.9990234375 -999.9990234375 -999.9990234375 -999.9990234375 -999.9990234375 -999.9990234375 -999.9990234375 -999.9990234375
0 0 0 0 0 0 0 0 0 0 0 0 0 0 0 0 0 0 0 0 0 0 0 6.99999975040555E-04 2.39000003784895E-02 4.39000017940998E-02 0 .103900000452995 5.38999997079372E-02 3.37999984622002E-02 .023700000718236 1.31999999284744E-02 9.29000005125999E-02 .162900000810623 .172800004482269 0 0 -999.9990234375 -999.9990234375 -999.9990234375 -999.9990234375 -999.9990234375 -999.9990234375 -999.9990234375 -999.9990234375 -999.9990234375 -999.9990234375 -999.9990234375 -999.9990234375 -999.9990234375 -999.9990234375 -999.9990234375 -999.9990234375 -999.9990234375 -999.9990234375 -999.9990234375
0 0 0 0 0 0 0 0 0 0 0 0 0 0 0 9.99999977648258E-03 9.99999974737875E-05 0 0 0 0 0 0 2.39000003784895E-02 0 5.38999997079372E-02 8.38999971747398E-02 .063900001347065 .133900001645088 .113899998366833 5.38000017404556E-02 4.36000004410744E-02 7.29999989271164E-02 .193000003695488 .112800002098083 0 -999.9990234375 -999.9990234375 -999.9990234375 -999.9990234375 -999.9990234375 -999.9990234375 -999.9990234375 -999.9990234375 -999.9990234375 -999.9990234375 -999.9990234375 -999.9990234375 -999.9990234375 -999.9990234375 -999.9990234375 -999.9990234375 -999.9990234375 -999.9990234375 -999.9990234375 -999.9990234375
0 0 0 0 0 0 0 0 0 0 0 0 0 0 0 0 0 0 0 0 0 0 0 5.38999997079372E-02 3.39000001549721E-02 9.39000025391579E-02 .113899998366833 9.39000025391579E-02 8.38999971747398E-02 .12389999628067 3.37999984622002E-02 6.37999996542931E-02 2.34999991953373E-02 .223399996757507 0 0 -999.9990234375 -999.9990234375 -999.9990234375 -999.9990234375 -999.9990234375 -999.9990234375 -999.9990234375 -999.9990234375 -999.9990234375 -999.9990234375 -999.9990234375 -999.9990234375 -999.9990234375 -999.9990234375 -999.9990234375 -999.9990234375 -999.9990234375 -999.9990234375 -999.9990234375 -999.9990234375
0 0 0 0 0 0 0 0 0 0 0 0 0 0 0 0 0 0 0 0 0 0 .034000001847744 4.39000017940998E-02 .113899998366833 7.38999992609024E-02 3.39000001549721E-02 8.38999971747398E-02 .063900001347065 8.38999971747398E-02 .103900000452995 6.37999996542931E-02 .213699996471405 0 0 -999.9990234375 -999.9990234375 -999.9990234375 -999.9990234375 -999.9990234375 -999.9990234375 -999.9990234375 -999.9990234375 -999.9990234375 -999.9990234375 -999.9990234375 -999.9990234375 -999.9990234375 -999.9990234375 -999.9990234375 -999.9990234375 -999.9990234375 -999.9990234375 -999.9990234375 -999.9990234375 -999.9990234375
0 0 0 0 0 0 0 0 0 0 0 0 0 0 0 0 0 0 3.62000018358231E-02 .100599996745586 5.55999986827374E-02 5.00000023748726E-04 0 3.89999989420176E-03 1.38999996706843E-02 .063900001347065 4.39000017940998E-02 5.38999997079372E-02 8.38999971747398E-02 8.38999971747398E-02 9.39000025391579E-02 .163900002837181 .163800001144409 0 -999.9990234375 -999.9990234375 -999.9990234375 -999.9990234375 -999.9990234375 -999.9990234375 -999.9990234375 -999.9990234375 -999.9990234375 -999.9990234375 -999.9990234375 -999.9990234375 -999.9990234375 -999.9990234375 -999.9990234375 -999.9990234375 -999.9990234375 -999.9990234375 -999.9990234375 -999.9990234375 -999.9990234375 -999.9990234375
0 0 0 0 0 0 0 0 0 0 0 0 0 0 0 0 1.57999992370605E-02 .133799999952316 8.38000029325485E-02 6.12000003457069E-02 4.16000001132488E-02 0 0 2.70000007003546E-03 0 .063900001347065 4.39000017940998E-02 5.38999997079372E-02 7.38999992609024E-02 .063900001347065 7.38999992609024E-02 .233899995684624 0 0 -999.9990234375 -999.9990234375 -999.9990234375 -999.9990234375 -999.9990234375 -999.9990234375 -999.9990234375 -999.9990234375 -999.9990234375 -999.9990234375 -999.9990234375 -999.9990234375 -999.9990234375 -999.9990234375 -999.9990234375 -999.9990234375 -999.9990234375 -999.9990234375 -999.9990234375 -999.9990234375 -999.9990234375 -999.9990234375
0 0 0 0 0 0 0 0 0 0 0 0 0 0 0 0 1.94000005722046E-02 8.42999964952469E-02 .113899998366833 4.61999997496605E-02 3.33000011742115E-02 1.40000004321337E-02 7.79999978840351E-03 2.77999993413687E-02 3.39000001549721E-02 4.39000017940998E-02 3.39000001549721E-02 5.38999997079372E-02 4.39000017940998E-02 3.40999998152256E-02 .184200003743172 0 0 -999.9990234375 -999.9990234375 -999.9990234375 -999.9990234375 -999.9990234375 -999.9990234375 -999.9990234375 -999.9990234375 -999.9990234375 -999.9990234375 -999.9990234375 -999.9990234375 -999.9990234375 -999.9990234375 -999.9990234375 -999.9990234375 -999.9990234375 -999.9990234375 -999.9990234375 -999.9990234375 -999.9990234375 -999.9990234375 -999.9990234375
0 0 0 0 0 0 0 0 0 0 0 0 0 0 0 0 0 .063000001013279 6.21999986469746E-02 2.06000003963709E-02 .035300001502037 4.98000010848045E-02 3.48999984562397E-02 3.70999984443188E-02 0 8.38999971747398E-02 .063900001347065 4.39000017940998E-02 0 5.44999986886978E-02 .034400001168251 0 -999.9990234375 -999.9990234375 -999.9990234375 -999.9990234375 -999.9990234375 -999.9990234375 -999.9990234375 -999.9990234375 -999.9990234375 -999.9990234375 -999.9990234375 -999.9990234375 -999.9990234375 -999.9990234375 -999.9990234375 -999.9990234375 -999.9990234375 -999.9990234375 -999.9990234375 -999.9990234375 -999.9990234375 -999.9990234375 -999.9990234375 -999.9990234375
.102700002491474 0 0 0 0 0 0 0 0 0 0 0 0 0 0 0 0 5.16999997198582E-02 4.89999987185001E-02 5.90999983251095E-02 1.63000002503395E-02 1.44999995827675E-02 0 0 0 0 0 3.89999989420176E-03 0 6.45999982953072E-02 0 0 -999.9990234375 -999.9990234375 -999.9990234375 -999.9990234375 -999.9990234375 -999.9990234375 -999.9990234375 -999.9990234375 -999.9990234375 -999.9990234375 -999.9990234375 -999.9990234375 -999.9990234375 -999.9990234375 -999.9990234375 -999.9990234375 -999.9990234375 -999.9990234375 -999.9990234375 -999.9990234375 -999.9990234375 -999.9990234375 -999.9990234375 -999.9990234375
0 0 0 0 0 0 0 0 0 0 0 0 0 0 0 0 0 5.2000000141561E-03 .023199999704957 0 0 0 0 3.97999994456768E-02 6.97999969124794E-02 0 0 0 0 0 0 -999.9990234375 -999.9990234375 -999.9990234375 -999.9990234375 -999.9990234375 -999.9990234375 -999.9990234375 -999.9990234375 -999.9990234375 -999.9990234375 -999.9990234375 -999.9990234375 -999.9990234375 -999.9990234375 -999.9990234375 -999.9990234375 -999.9990234375 -999.9990234375 -999.9990234375 -999.9990234375 -999.9990234375 -999.9990234375 -999.9990234375 -999.9990234375 -999.9990234375
0 0 0 0 0 0 0 0 0 0 0 0 0 0 0 0 0 2.60000000707805E-03 6.03000000119209E-02 .060199998319149 8.02000015974045E-02 .130199998617172 .100000001490116 .150000005960464 8.99000018835068E-02 8.98000001907349E-02 .179700002074242 6.97000026702881E-02 0 0 -999.9990234375 -999.9990234375 -999.9990234375 -999.9990234375 -999.9990234375 -999.9990234375 -999.9990234375 -999.9990234375 -999.9990234375 -999.9990234375 -999.9990234375 -999.9990234375 -999.9990234375 -999.9990234375 -999.9990234375 -999.9990234375 -999.9990234375 -999.9990234375 -999.9990234375 -999.9990234375 -999.9990234375 -999.9990234375 -999.9990234375 -999.9990234375 -999.9990234375 -999.9990234375
0 0 0 0 0 0 0 0 0 0 0 .109399996697903 1.92000009119511E-02 .129099994897842 .098800003528595 7.85000026226044E-02 0 7.05000013113022E-02 .120399996638298 .170300006866455 .120300002396107 4.01999987661839E-02 0 0 0 0 9.97999981045723E-02 0 0 -999.9990234375 -999.9990234375 -999.9990234375 -999.9990234375 -999.9990234375 -999.9990234375 -999.9990234375 -999.9990234375 -999.9990234375 -999.9990234375 -999.9990234375 -999.9990234375 -999.9990234375 -999.9990234375 -999.9990234375 -999.9990234375 -999.9990234375 -999.9990234375 -999.9990234375 -999.9990234375 -999.9990234375 -999.9990234375 -999.9990234375 -999.9990234375 -999.9990234375 -999.9990234375 -999.9990234375
0 0 0 0 0 0 2.06000003963709E-02 8.03000032901764E-02 8.00999999046326E-02 .029899999499321 9.93999987840652E-02 .139400005340576 .179399996995926 9.92999970912933E-02 4.89999987185001E-02 .028999999165535 2.96999998390675E-02 0 0 9.39999986439943E-03 0 0 0 0 0 .119800001382828 .139799997210503 0 0 -999.9990234375 -999.9990234375 -999.9990234375 -999.9990234375 -999.9990234375 -999.9990234375 -999.9990234375 -999.9990234375 -999.9990234375 -999.9990234375 -999.9990234375 -999.9990234375 -999.9990234375 -999.9990234375 -999.9990234375 -999.9990234375 -999.9990234375 -999.9990234375 -999.9990234375 -999.9990234375 -999.9990234375 -999.9990234375 -999.9990234375 -999.9990234375 -999.9990234375 -999.9990234375 -999.9990234375
0 0 0 0 0 2.03000009059906E-02 2.03000009059906E-02 4.03000004589558E-02 9.99999977648258E-03 4.94999997317791E-02 .139400005340576 .129399999976158 .129399999976158 .129399999976158 1.90999992191792E-02 2.92000006884336E-02 0 .008500000461936 1.84000004082918E-02 3.81000004708767E-02 4.83999997377396E-02 0 0 0 8.98000001907349E-02 .179800003767014 0 0 -999.9990234375 -999.9990234375 -999.9990234375 -999.9990234375 -999.9990234375 -999.9990234375 -999.9990234375 -999.9990234375 -999.9990234375 -999.9990234375 -999.9990234375 -999.9990234375 -999.9990234375 -999.9990234375 -999.9990234375 -999.9990234375 -999.9990234375 -999.9990234375 -999.9990234375 -999.9990234375 -999.9990234375 -999.9990234375 -999.9990234375 -999.9990234375 -999.9990234375 -999.9990234375 -999.9990234375 -999.9990234375
0 0 0 0 0 0 2.01999992132187E-02 3.02000008523464E-02 0 5.95000013709068E-02 .12950000166893 9.93999987840652E-02 9.93999987840652E-02 5.93999996781349E-02 0 0 4.30000014603138E-03 3.81999984383583E-02 3.84000018239021E-02 .048300001770258 5.84000013768673E-02 .008500000461936 0 .059799998998642 .199799999594688 0 0 -999.9990234375 -999.9990234375 -999.9990234375 -999.9990234375 -999.9990234375 -999.9990234375 -999.9990234375 -999.9990234375 -999.9990234375 -999.9990234375 -999.9990234375 -999.9990234375 -999.9990234375 -999.9990234375 -999.9990234375 -999.9990234375 -999.9990234375 -999.9990234375 -999.9990234375 -999.9990234375 -999.9990234375 -999.9990234375 -999.9990234375 -999.9990234375 -999.9990234375 -999.9990234375 -999.9990234375 -999.9990234375 -999.9990234375
0 0 0 0 0 0 4.01000007987022E-02 3.00999991595745E-02 1.97000000625849E-02 3.95000018179417E-02 9.95000004768372E-02 7.94999971985817E-02 6.93999975919724E-02 0 0 1.64000000804663E-02 2.30000000447035E-02 4.78999987244606E-02 4.85000014305115E-02 2.85999998450279E-02 5.84000013768673E-02 0 0 .129800006747246 .18979999423027 0 -999.9990234375 -999.9990234375 -999.9990234375 -999.9990234375 -999.9990234375 -999.9990234375 -999.9990234375 -999.9990234375 -999.9990234375 -999.9990234375 -999.9990234375 -999.9990234375 -999.9990234375 -999.9990234375 -999.9990234375 -999.9990234375 -999.9990234375 -999.9990234375 -999.9990234375 -999.9990234375 -999.9990234375 -999.9990234375 -999.9990234375 -999.9990234375 -999.9990234375 -999.9990234375 -999.9990234375 -999.9990234375 -999.9990234375 -999.9990234375
0 0 0 0 0 9.80000011622906E-03 0 1.98999997228384E-02 9.70000028610229E-03 9.60000045597553E-03 5.95000013709068E-02 5.95000013709068E-02 0 0 0 0 2.55999993532896E-02 1.92000009119511E-02 .049600001424551 3.97999994456768E-02 1.90999992191792E-02 0 .149800002574921 .149800002574921 0 0 -999.9990234375 -999.9990234375 -999.9990234375 -999.9990234375 -999.9990234375 -999.9990234375 -999.9990234375 -999.9990234375 -999.9990234375 -999.9990234375 -999.9990234375 -999.9990234375 -999.9990234375 -999.9990234375 -999.9990234375 -999.9990234375 -999.9990234375 -999.9990234375 -999.9990234375 -999.9990234375 -999.9990234375 -999.9990234375 -999.9990234375 -999.9990234375 -999.9990234375 -999.9990234375 -999.9990234375 -999.9990234375 -999.9990234375 -999.9990234375
0 0 0 0 0 3.97999994456768E-02 0 .059799998998642 3.97000014781952E-02 1.97000000625849E-02 9.95000004768372E-02 3.95000018179417E-02 0 0 0 0 0 6.80999979376793E-02 5.11999987065792E-02 4.03999984264374E-02 1.78999993950129E-02 9.80000011622906E-03 6.97999969124794E-02 0 0 -999.9990234375 -999.9990234375 -999.9990234375 -999.9990234375 -999.9990234375 -999.9990234375 -999.9990234375 -999.9990234375 -999.9990234375 -999.9990234375 -999.9990234375 -999.9990234375 -999.9990234375 -999.9990234375 -999.9990234375 -999.9990234375 -999.9990234375 -999.9990234375 -999.9990234375 -999.9990234375 -999.9990234375 -999.9990234375 -999.9990234375 -999.9990234375 -999.9990234375 -999.9990234375 -999.9990234375 -999.9990234375 -999.9990234375 -999.9990234375 -999.9990234375
5.29999984428287E-03 2.09999992512167E-03 2.19999998807907E-03 0 0 .059799998998642 3.97999994456768E-02 8.98000001907349E-02 4.96999993920326E-02 3.97000014781952E-02 1.97000000625849E-02 5.97000010311604E-02 1.64000000804663E-02 0 0 0 0 0 0 0 4.47999984025955E-02 7.66000002622604E-02 0 0 -999.9990234375 -999.9990234375 -999.9990234375 -999.9990234375 -999.9990234375 -999.9990234375 -999.9990234375 -999.9990234375 -999.9990234375 -999.9990234375 -999.9990234375 -999.9990234375 -999.9990234375 -999.9990234375 -999.9990234375 -999.9990234375 -999.9990234375 -999.9990234375 -999.9990234375 -999.9990234375 -999.9990234375 -999.9990234375 -999.9990234375 -999.9990234375 -999.9990234375 -999.9990234375 -999.9990234375 -999.9990234375 -999.9990234375 -999.9990234375 -999.9990234375 -999.9990234375
1.90999992191792E-02 0 0 0 0 .059799998998642 2.97999996691942E-02 .059799998998642 0 3.97000014781952E-02 .089699998497963 2.60000000707805E-03 0 4.39999997615814E-02 0 0 0 7.79999978840351E-03 4.4999998062849E-03 2.78999991714954E-02 7.59000033140183E-02 0 0 0 -999.9990234375 -999.9990234375 -999.9990234375 -999.9990234375 -999.9990234375 -999.9990234375 -999.9990234375 -999.9990234375 -999.9990234375 -999.9990234375 -999.9990234375 -999.9990234375 -999.9990234375 -999.9990234375 -999.9990234375 -999.9990234375 -999.9990234375 -999.9990234375 -999.9990234375 -999.9990234375 -999.9990234375 -999.9990234375 -999.9990234375 -999.9990234375 -999.9990234375 -999.9990234375 -999.9990234375 -999.9990234375 -999.9990234375 -999.9990234375 -999.9990234375 -999.9990234375
