sobek/output sobek q50.asc
nCols        140
nRows        174
xllCorner    108250
yllCorner    537700
CellSize     25
nodata_value -9999
[rows 22 to 43 of 174, columns 51 to 101 of 140]
3.99999991059303E-02 .280000001192093 .310000002384186 9.00000035762787E-02 -9.99999977648258E-03 3.99999991059303E-02 7.00000002980232E-02 3.99999991059303E-02 -9.00000035762787E-02 -.140000000596046 1.99999995529652E-02 9.00000035762787E-02 .109999999403954 .109999999403954 7.99999982118607E-02 .189999997615814 .119999997317791 7.00000002980232E-02 .140000000596046 .150000005960464 .129999995231628 5.99999986588955E-02 -.100000001490116 -.129999995231628 -5.00000007450581E-02 -.100000001490116 -.119999997317791 .119999997317791 .349999994039536 .5 -9999 -9999 -9999 -9999 -9999 -9999 -9999 -9999 -9999 -9999 -9999 -9999 -9999 -9999 -9999 -9999 -9999 -9999 -9999 -9999 -9999
.100000001490116 -.100000001490116 .129999995231628 .360000014305115 .219999998807907 9.99999977648258E-03 2.99999993294477E-02 3.99999991059303E-02 -.449999988079071 -.689999997615814 -.319999992847443 -3.99999991059303E-02 2.99999993294477E-02 7.99999982118607E-02 .140000000596046 3.99999991059303E-02 1.99999995529652E-02 9.00000035762787E-02 .119999997317791 .129999995231628 5.99999986588955E-02 0 -.119999997317791 -.100000001490116 -7.00000002980232E-02 -5.99999986588955E-02 -9.00000035762787E-02 -.140000000596046 -7.99999982118607E-02 .170000001788139 .519999980926514 .790000021457672 -9999 -9999 -9999 -9999 -9999 -9999 -9999 -9999 -9999 -9999 -9999 -9999 -9999 -9999 -9999 -9999 -9999 -9999 -9999
.119999997317791 .140000000596046 .129999995231628 -.119999997317791 7.99999982118607E-02 .340000003576279 .219999998807907 .119999997317791 -.360000014305115 -.709999978542328 -.400000005960464 -.140000000596046 7.00000002980232E-02 .180000007152557 3.99999991059303E-02 .119999997317791 5.99999986588955E-02 1.99999995529652E-02 .140000000596046 .100000001490116 -.129999995231628 -7.99999982118607E-02 -.119999997317791 -.109999999403954 -.119999997317791 -.100000001490116 -.150000005960464 -.129999995231628 -.100000001490116 -.150000005960464 -.150000005960464 .230000004172325 .490000009536743 -9999 -9999 -9999 -9999 -9999 -9999 -9999 -9999 -9999 -9999 -9999 -9999 -9999 -9999 -9999 -9999 -9999 -9999
7.00000002980232E-02 .100000001490116 .100000001490116 .100000001490116 -2.99999993294477E-02 -1.99999995529652E-02 .610000014305115 .560000002384186 -2.99999993294477E-02 -.159999996423721 -.370000004768372 -.259999990463257 7.99999982118607E-02 .180000007152557 7.99999982118607E-02 7.00000002980232E-02 .140000000596046 .150000005960464 .200000002980232 -.170000001788139 -.109999999403954 -.230000004172325 -.230000004172325 -.140000000596046 -.119999997317791 -.119999997317791 -.189999997615814 -.159999996423721 -.140000000596046 -.129999995231628 -.140000000596046 -.150000005960464 -9.00000035762787E-02 .150000005960464 .829999983310699 -9999 -9999 -9999 -9999 -9999 -9999 -9999 -9999 -9999 -9999 -9999 -9999 -9999 -9999 -9999 -9999
.119999997317791 .140000000596046 .150000005960464 .159999996423721 .119999997317791 5.00000007450581E-02 -5.99999986588955E-02 9.00000035762787E-02 .319999992847443 .109999999403954 -5.00000007450581E-02 -5.00000007450581E-02 .129999995231628 .109999999403954 .100000001490116 5.99999986588955E-02 -9.99999977648258E-03 .180000007152557 5.00000007450581E-02 9.99999977648258E-03 2.99999993294477E-02 -.150000005960464 -.239999994635582 -.28999999165535 -.150000005960464 -.150000005960464 -.180000007152557 -.200000002980232 -.170000001788139 -.180000007152557 -.170000001788139 -.300000011920929 -.219999998807907 -.209999993443489 -2.99999993294477E-02 .740000009536743 -9999 -9999 -9999 -9999 -9999 -9999 -9999 -9999 -9999 -9999 -9999 -9999 -9999 -9999 -9999
.129999995231628 .119999997317791 9.00000035762787E-02 9.00000035762787E-02 .109999999403954 .119999997317791 .100000001490116 5.99999986588955E-02 -5.99999986588955E-02 .150000005960464 .330000013113022 3.99999991059303E-02 9.99999977648258E-03 0 -9.99999977648258E-03 7.99999982118607E-02 .109999999403954 .119999997317791 -.230000004172325 -.119999997317791 -.100000001490116 -.189999997615814 -.219999998807907 -.239999994635582 -.300000011920929 -.189999997615814 -.189999997615814 -.170000001788139 -.170000001788139 -.209999993443489 -.280000001192093 -.25 -.270000010728836 -.280000001192093 -.270000010728836 -.239999994635582 1.99999995529652E-02 .759999990463257 -9999 -9999 -9999 -9999 -9999 -9999 -9999 -9999 -9999 -9999 -9999 -9999 -9999
.150000005960464 .109999999403954 9.00000035762787E-02 7.99999982118607E-02 9.00000035762787E-02 .100000001490116 9.00000035762787E-02 .200000002980232 .100000001490116 1.99999995529652E-02 -9.00000035762787E-02 .200000002980232 .400000005960464 9.00000035762787E-02 -1.99999995529652E-02 -3.99999991059303E-02 7.00000002980232E-02 -1.99999995529652E-02 -.239999994635582 -.219999998807907 -.209999993443489 -.25 -.270000010728836 -.219999998807907 -.25 -.379999995231628 -.219999998807907 -.200000002980232 -.180000007152557 -.340000003576279 -.230000004172325 -.25 -.270000010728836 -.28999999165535 -.270000010728836 -.28999999165535 -.300000011920929 -7.00000002980232E-02 -.239999994635582 .449999988079071 -9999 .879999995231628 1.4099999666214 1.75 -9999 -9999 -9999 -9999 -9999 -9999 -9999
.200000002980232 2.99999993294477E-02 5.99999986588955E-02 7.99999982118607E-02 .129999995231628 9.00000035762787E-02 .100000001490116 .119999997317791 .140000000596046 .159999996423721 .100000001490116 -9.99999977648258E-03 3.99999991059303E-02 .310000002384186 .239999994635582 3.99999991059303E-02 .119999997317791 -9.99999977648258E-03 -1.99999995529652E-02 -.209999993443489 -.280000001192093 -.25 -.280000001192093 -.259999990463257 -.319999992847443 -.300000011920929 -.300000011920929 -.230000004172325 -.28999999165535 -.280000001192093 -.209999993443489 -.230000004172325 -.270000010728836 -.239999994635582 -.280000001192093 -.310000002384186 -.310000002384186 -.370000004768372 -.400000005960464 -.400000005960464 -.349999994039536 -.430000007152557 -.379999995231628 -.360000014305115 -5.00000007450581E-02 1 -9999 -9999 -9999 -9999 -9999
.209999993443489 .109999999403954 9.00000035762787E-02 .109999999403954 .150000005960464 .129999995231628 .180000007152557 .150000005960464 .129999995231628 .189999997615814 .150000005960464 .140000000596046 7.00000002980232E-02 -7.00000002980232E-02 2.99999993294477E-02 .300000011920929 5.00000007450581E-02 -5.00000007450581E-02 -3.99999991059303E-02 -.129999995231628 -.140000000596046 -.259999990463257 -.270000010728836 -.340000003576279 -.330000013113022 -.330000013113022 -.340000003576279 -.300000011920929 -.25 -.25 -.230000004172325 -.239999994635582 -.239999994635582 -.209999993443489 -.25 -.270000010728836 -.370000004768372 -.419999986886978 -.379999995231628 -.389999985694885 -.370000004768372 -.46000000834465 -.629999995231628 -.479999989271164 -.419999986886978 -.400000005960464 .589999973773956 -9999 -9999 -9999 -9999
7.99999982118607E-02 3.99999991059303E-02 .219999998807907 .119999997317791 7.00000002980232E-02 9.00000035762787E-02 .239999994635582 .239999994635582 .219999998807907 .28999999165535 .209999993443489 5.99999986588955E-02 7.99999982118607E-02 .119999997317791 .270000010728836 -2.99999993294477E-02 9.99999977648258E-03 -9.99999977648258E-03 0 -3.99999991059303E-02 -7.00000002980232E-02 -.170000001788139 -.25 -.239999994635582 -.259999990463257 -.379999995231628 -.319999992847443 -.280000001192093 -.25 -.259999990463257 -.219999998807907 -.209999993443489 -.25 -.230000004172325 -.259999990463257 -.259999990463257 -.349999994039536 -.389999985694885 -.400000005960464 -.379999995231628 -.379999995231628 -.360000014305115 -1 -.879999995231628 -.680000007152557 -.5 -.430000007152557 .949999988079071 -9999 -9999 -9999
7.00000002980232E-02 .100000001490116 1.99999995529652E-02 -.200000002980232 .109999999403954 7.00000002980232E-02 .140000000596046 .119999997317791 7.99999982118607E-02 .129999995231628 .100000001490116 7.99999982118607E-02 .150000005960464 .270000010728836 5.99999986588955E-02 .150000005960464 .209999993443489 7.99999982118607E-02 5.99999986588955E-02 5.00000007450581E-02 9.99999977648258E-03 7.00000002980232E-02 -9.99999977648258E-03 -2.99999993294477E-02 -.140000000596046 -.25 -.270000010728836 -.259999990463257 -.259999990463257 -.230000004172325 -.230000004172325 -.209999993443489 -.230000004172325 -.239999994635582 -.25 -.310000002384186 -.340000003576279 -.409999996423721 -.419999986886978 -.389999985694885 -.370000004768372 -.370000004768372 -.790000021457672 -.949999988079071 -1.0900000333786 -1.01999998092651 -.810000002384186 -.379999995231628 1.55999994277954 -9999 -9999
5.00000007450581E-02 1.99999995529652E-02 1.99999995529652E-02 -2.99999993294477E-02 1.99999995529652E-02 -2.99999993294477E-02 7.99999982118607E-02 5.00000007450581E-02 9.00000035762787E-02 .150000005960464 3.99999991059303E-02 2.99999993294477E-02 .370000004768372 .159999996423721 7.00000002980232E-02 .200000002980232 .109999999403954 .140000000596046 .189999997615814 .189999997615814 7.00000002980232E-02 5.00000007450581E-02 5.99999986588955E-02 5.00000007450581E-02 .259999990463257 1.25999999046326 -.119999997317791 -.209999993443489 -.209999993443489 -.219999998807907 -.200000002980232 -.230000004172325 -.239999994635582 -.209999993443489 -.270000010728836 -.310000002384186 -.379999995231628 -.419999986886978 -.430000007152557 -.430000007152557 -.490000009536743 -.469999998807907 -.529999971389771 -.740000009536743 -.870000004768372 -.930000007152557 -.930000007152557 -.649999976158142 -7.99999982118607E-02 1.8400000333786 -9999
.119999997317791 9.99999977648258E-03 -9.99999977648258E-03 5.00000007450581E-02 9.00000035762787E-02 7.99999982118607E-02 0 1.99999995529652E-02 9.00000035762787E-02 5.00000007450581E-02 2.99999993294477E-02 0 .259999990463257 1.99999995529652E-02 7.00000002980232E-02 5.00000007450581E-02 .259999990463257 .189999997615814 .170000001788139 .28999999165535 .769999980926514 7.99999982118607E-02 7.00000002980232E-02 -9.99999977648258E-03 9.99999977648258E-03 .600000023841858 -.150000005960464 -.189999997615814 -.209999993443489 -.209999993443489 -.170000001788139 -.189999997615814 -.259999990463257 -.25 -.319999992847443 -.389999985694885 -.46000000834465 -.430000007152557 -.490000009536743 -.430000007152557 -.479999989271164 -.46000000834465 -.509999990463257 -.759999990463257 -.620000004768372 -.529999971389771 -.569999992847443 -.610000014305115 -.430000007152557 .219999998807907 -9999
.170000001788139 .100000001490116 5.00000007450581E-02 .119999997317791 .119999997317791 7.00000002980232E-02 7.00000002980232E-02 5.99999986588955E-02 -1.99999995529652E-02 3.99999991059303E-02 3.99999991059303E-02 5.99999986588955E-02 7.00000002980232E-02 3.99999991059303E-02 .100000001490116 3.99999991059303E-02 7.00000002980232E-02 .349999994039536 .159999996423721 .150000005960464 .959999978542328 .910000026226044 2.99999993294477E-02 0 1.99999995529652E-02 2.99999993294477E-02 -5.00000007450581E-02 -.230000004172325 -.230000004172325 -.219999998807907 -.209999993443489 -.219999998807907 -.280000001192093 -.349999994039536 -.400000005960464 -.319999992847443 -.519999980926514 -.360000014305115 -.419999986886978 -.439999997615814 -.479999989271164 -.400000005960464 -.400000005960464 -.649999976158142 -.709999978542328 -.600000023841858 -.589999973773956 -.600000023841858 -.629999995231628 -.419999986886978 .529999971389771
.180000007152557 .180000007152557 .109999999403954 .109999999403954 .119999997317791 .109999999403954 .140000000596046 .100000001490116 7.00000002980232E-02 2.99999993294477E-02 7.00000002980232E-02 7.99999982118607E-02 3.99999991059303E-02 .129999995231628 .119999997317791 .140000000596046 .119999997317791 .150000005960464 .150000005960464 .170000001788139 .140000000596046 .349999994039536 .170000001788139 5.99999986588955E-02 7.99999982118607E-02 -5.00000007450581E-02 -.140000000596046 -.150000005960464 -.170000001788139 -.219999998807907 -.219999998807907 -.280000001192093 -.310000002384186 -.370000004768372 -.300000011920929 -.319999992847443 -.430000007152557 -.430000007152557 -.409999996423721 -.409999996423721 -.409999996423721 -.449999988079071 -.5 -.560000002384186 -.740000009536743 -.670000016689301 -.759999990463257 -.829999983310699 -.75 -.720000028610229 -.349999994039536
.159999996423721 .170000001788139 .159999996423721 .159999996423721 .119999997317791 .109999999403954 .140000000596046 .140000000596046 .109999999403954 .109999999403954 .119999997317791 7.00000002980232E-02 7.99999982118607E-02 .189999997615814 .200000002980232 .230000004172325 .159999996423721 .150000005960464 .170000001788139 .170000001788139 .150000005960464 7.99999982118607E-02 9.00000035762787E-02 .119999997317791 9.00000035762787E-02 -9.00000035762787E-02 -.180000007152557 -.129999995231628 -.150000005960464 -.209999993443489 -.270000010728836 -.280000001192093 -.310000002384186 -.319999992847443 -.310000002384186 -.330000013113022 -.379999995231628 -.430000007152557 -.389999985694885 -.400000005960464 -.46000000834465 -.479999989271164 -.389999985694885 -.680000007152557 -.930000007152557 -.889999985694885 -.850000023841858 -.930000007152557 -.819999992847443 -.839999973773956 -.819999992847443
.170000001788139 .170000001788139 .150000005960464 .140000000596046 .150000005960464 9.00000035762787E-02 .109999999403954 .129999995231628 9.00000035762787E-02 .119999997317791 .100000001490116 .119999997317791 .230000004172325 .239999994635582 .230000004172325 .230000004172325 .259999990463257 .159999996423721 .239999994635582 .230000004172325 .119999997317791 9.00000035762787E-02 .119999997317791 .150000005960464 7.99999982118607E-02 -.109999999403954 -.150000005960464 -.159999996423721 -.170000001788139 -.209999993443489 -.239999994635582 -.28999999165535 -.310000002384186 -.379999995231628 -.360000014305115 -.419999986886978 -.330000013113022 -.389999985694885 -.379999995231628 -.490000009536743 -.46000000834465 -.5 -.469999998807907 -.740000009536743 -.790000021457672 -.810000002384186 -.819999992847443 -.910000026226044 -.939999997615814 -.899999976158142 -.910000026226044
.150000005960464 .159999996423721 .159999996423721 .140000000596046 .119999997317791 .119999997317791 .140000000596046 .129999995231628 .119999997317791 .159999996423721 .310000002384186 .200000002980232 .239999994635582 .330000013113022 .300000011920929 .230000004172325 .259999990463257 .200000002980232 .170000001788139 .200000002980232 .159999996423721 .129999995231628 .140000000596046 7.00000002980232E-02 -9.00000035762787E-02 -.109999999403954 -.119999997317791 -.140000000596046 -.189999997615814 -.25 -.28999999165535 -.28999999165535 -.379999995231628 -.370000004768372 -.370000004768372 -.430000007152557 -.389999985694885 -.469999998807907 -.400000005960464 -.469999998807907 -.430000007152557 -.439999997615814 -.439999997615814 -.920000016689301 -1.02999997138977 -1.05999994277954 -1.01999998092651 -1 -1.02999997138977 -.819999992847443 -.579999983310699
.150000005960464 .159999996423721 .150000005960464 .140000000596046 .159999996423721 .129999995231628 .129999995231628 .150000005960464 .28999999165535 .170000001788139 .349999994039536 .370000004768372 .259999990463257 .28999999165535 .25 .230000004172325 .25 .189999997615814 .159999996423721 .159999996423721 .159999996423721 .259999990463257 .180000007152557 0 -.100000001490116 -.109999999403954 -.129999995231628 -.159999996423721 -.209999993443489 -.25 -.370000004768372 -.330000013113022 -.430000007152557 -.389999985694885 -.389999985694885 -.430000007152557 -.449999988079071 -.370000004768372 -.379999995231628 -.430000007152557 -.469999998807907 -.409999996423721 -.479999989271164 -.649999976158142 -.990000009536743 -.829999983310699 -.720000028610229 -.509999990463257 -.170000001788139 .209999993443489 .189999997615814
.170000001788139 .170000001788139 .170000001788139 .159999996423721 .150000005960464 .129999995231628 .140000000596046 .270000010728836 .519999980926514 .319999992847443 .360000014305115 .439999997615814 .330000013113022 .28999999165535 .239999994635582 .230000004172325 .300000011920929 .239999994635582 .200000002980232 .159999996423721 .170000001788139 .180000007152557 .189999997615814 5.99999986588955E-02 -.109999999403954 -5.00000007450581E-02 -.150000005960464 -.259999990463257 -.170000001788139 -.270000010728836 -.430000007152557 -.46000000834465 -.469999998807907 -.5 -.430000007152557 -.430000007152557 -.439999997615814 -.360000014305115 -.360000014305115 -.330000013113022 -.479999989271164 -.189999997615814 3.99999991059303E-02 -.330000013113022 -.119999997317791 -5.00000007450581E-02 .25 .25 .25 .25 .25
.170000001788139 .170000001788139 .170000001788139 .150000005960464 .150000005960464 .150000005960464 .259999990463257 .419999986886978 .46000000834465 .360000014305115 .430000007152557 .349999994039536 .310000002384186 .310000002384186 .270000010728836 .209999993443489 .28999999165535 .25 .219999998807907 .200000002980232 .159999996423721 .129999995231628 .119999997317791 5.99999986588955E-02 -9.99999977648258E-03 -.170000001788139 -.200000002980232 -.119999997317791 -.189999997615814 -.360000014305115 -.409999996423721 -.479999989271164 -.550000011920929 -.620000004768372 -.430000007152557 -.46000000834465 -.370000004768372 -.490000009536743 -.469999998807907 -.330000013113022 -.230000004172325 -9.99999977648258E-03 .25 .25 .25 .119999997317791 .170000001788139 .170000001788139 .119999997317791 5.00000007450581E-02 -1.99999995529652E-02
.150000005960464 .180000007152557 .159999996423721 .170000001788139 .140000000596046 .25 .280000001192093 .490000009536743 .209999993443489 .319999992847443 .280000001192093 .28999999165535 .28999999165535 .319999992847443 .319999992847443 .230000004172325 .25 .230000004172325 .159999996423721 .150000005960464 .119999997317791 9.00000035762787E-02 7.00000002980232E-02 -1.99999995529652E-02 -5.99999986588955E-02 -.239999994635582 -.189999997615814 -.200000002980232 -.28999999165535 -.370000004768372 -.479999989271164 -.529999971389771 -.589999973773956 -.610000014305115 -.550000011920929 -.430000007152557 -.430000007152557 -.349999994039536 .25 .25 5.99999986588955E-02 .100000001490116 .140000000596046 .119999997317791 7.00000002980232E-02 .140000000596046 .129999995231628 .129999995231628 .129999995231628 .129999995231628 -9.99999977648258E-03
