sobek/output sobek maximum depth q50.asc
nCols        140
nRows        174
xllCorner    108250
yllCorner    537700
CellSize     25
nodata_value -999.999
[rows 25 to 49 of 174, columns 0 to 55 of 140]
-999.9990234375 -999.9990234375 -999.9990234375 -999.9990234375 -999.9990234375 -999.9990234375 -999.9990234375 -999.9990234375 -999.9990234375 -999.9990234375 -999.9990234375 -999.9990234375 -999.9990234375 -999.9990234375 -999.9990234375 -999.9990234375 -999.9990234375 -999.9990234375 -999.9990234375 -999.9990234375 -999.9990234375 -999.9990234375 -999.9990234375 -999.9990234375 -999.9990234375 -999.9990234375 -999.9990234375 -999.9990234375 -999.9990234375 -999.9990234375 0 8.87999981641769E-02 6.88000023365021E-02 6.88000023365021E-02 .058899998664856 8.88999998569489E-02 6.88000023365021E-02 .098800003528595 0 0 0 2.17000003904104E-02 4.14999984204769E-02 0 0 0 .179299995303154 6.09999988228083E-03 0 0 0 0 0 0 0 .123099997639656
-999.9990234375 -999.9990234375 -999.9990234375 -999.9990234375 -999.9990234375 -999.9990234375 -999.9990234375 -999.9990234375 -999.9990234375 -999.9990234375 -999.9990234375 -999.9990234375 -999.9990234375 -999.9990234375 -999.9990234375 -999.9990234375 -999.9990234375 -999.9990234375 -999.9990234375 -999.9990234375 -999.9990234375 -999.9990234375 -999.9990234375 -999.9990234375 -999.9990234375 -999.9990234375 -999.9990234375 -999.9990234375 -999.9990234375 0 0 0 2.87999995052814E-02 6.88999965786934E-02 .058899998664856 5.90000003576279E-02 .108900003135204 0 0 0 0 1.51000004261732E-02 1.67999994009733E-02 0 0 0 0 0 0 0 0 0 0 0 0 1.39999995008111E-03
-999.9990234375 -999.9990234375 -999.9990234375 -999.9990234375 -999.9990234375 -999.9990234375 -999.9990234375 -999.9990234375 -999.9990234375 -999.9990234375 -999.9990234375 -999.9990234375 -999.9990234375 -999.9990234375 -999.9990234375 -999.9990234375 -999.9990234375 -999.9990234375 -999.9990234375 -999.9990234375 -999.9990234375 -999.9990234375 -999.9990234375 -999.9990234375 -999.9990234375 -999.9990234375 -999.9990234375 -999.9990234375 -999.9990234375 0 0 0 0 8.99999961256981E-03 2.92000006884336E-02 .070200003683567 3.88999991118908E-02 0 0 0 5.00000023748726E-04 3.51000018417835E-02 .014299999922514 0 5.13999983668327E-02 0 .160199999809265 0 0 0 0 0 6.30000000819564E-03 3.62000018358231E-02 3.61000001430511E-02 1.53000000864267E-02
-999.9990234375 -999.9990234375 -999.9990234375 -999.9990234375 -999.9990234375 -999.9990234375 -999.9990234375 -999.9990234375 -999.9990234375 -999.9990234375 -999.9990234375 -999.9990234375 -999.9990234375 -999.9990234375 -999.9990234375 -999.9990234375 -999.9990234375 -999.9990234375 -999.9990234375 -999.9990234375 -999.9990234375 -999.9990234375 -999.9990234375 -999.9990234375 -999.9990234375 -999.9990234375 -999.9990234375 -999.9990234375 0 3.89999989420176E-03 0 0 0 0 0 7.27000012993813E-02 0 0 0 0 0 3.13999988138676E-02 .031300000846386 6.69999979436398E-03 0 .170200005173683 .240199998021126 .190200001001358 0 0 0 0 1.64000000804663E-02 3.62000018358231E-02 .046000000089407 3.48999984562397E-02
-999.9990234375 -999.9990234375 -999.9990234375 -999.9990234375 -999.9990234375 -999.9990234375 -999.9990234375 -999.9990234375 -999.9990234375 -999.9990234375 -999.9990234375 -999.9990234375 -999.9990234375 -999.9990234375 -999.9990234375 -999.9990234375 -999.9990234375 -999.9990234375 -999.9990234375 -999.9990234375 -999.9990234375 -999.9990234375 -999.9990234375 -999.9990234375 -999.9990234375 -999.9990234375 -999.9990234375 -999.9990234375 0 4.60000010207295E-03 0 0 0 0 0 0 0 0 0 0 0 .029899999499321 2.07000002264977E-02 0 8.02000015974045E-02 .110200002789497 .230199992656708 .18019999563694 .170200005173683 5.99000006914139E-02 0 0 .096500001847744 6.65000006556511E-02 4.63000014424324E-02 0
-999.9990234375 -999.9990234375 -999.9990234375 -999.9990234375 -999.9990234375 -999.9990234375 -999.9990234375 -999.9990234375 -999.9990234375 -999.9990234375 -999.9990234375 -999.9990234375 -999.9990234375 -999.9990234375 -999.9990234375 -999.9990234375 -999.9990234375 -999.9990234375 -999.9990234375 -999.9990234375 -999.9990234375 -999.9990234375 -999.9990234375 -999.9990234375 -999.9990234375 -999.9990234375 -999.9990234375 0 0 0 2.19999998807907E-02 0 0 0 0 0 0 0 0 0 0 2.91000008583069E-02 1.97000000625849E-02 1.03000001981854E-02 3.59999993816018E-03 .150199994444847 .140300005674362 .130199998617172 .120200000703335 5.93999996781349E-02 8.74999985098839E-02 0 1.88999995589256E-02 3.66999991238117E-02 .017000000923872 0
-999.9990234375 -999.9990234375 -999.9990234375 -999.9990234375 -999.9990234375 -999.9990234375 -999.9990234375 -999.9990234375 -999.9990234375 -999.9990234375 -999.9990234375 -999.9990234375 -999.9990234375 -999.9990234375 -999.9990234375 -999.9990234375 -999.9990234375 -999.9990234375 -999.9990234375 -999.9990234375 -999.9990234375 -999.9990234375 -999.9990234375 -999.9990234375 -999.9990234375 -999.9990234375 -999.9990234375 0 0 0 0 0 0 0 0 0 0 0 0 0 0 0 5.95000013709068E-02 3.88000011444092E-02 4.90000005811453E-03 1.03000001981854E-02 .139899998903275 9.01999995112419E-02 0 0 .066100001335144 5.53999990224838E-02 9.48000028729439E-02 0 1.24000003561378E-02 6.40999972820282E-02
-999.9990234375 -999.9990234375 -999.9990234375 -999.9990234375 -999.9990234375 -999.9990234375 -999.9990234375 -999.9990234375 -999.9990234375 -999.9990234375 -999.9990234375 -999.9990234375 -999.9990234375 -999.9990234375 -999.9990234375 -999.9990234375 -999.9990234375 -999.9990234375 -999.9990234375 -999.9990234375 -999.9990234375 -999.9990234375 -999.9990234375 -999.9990234375 -999.9990234375 -999.9990234375 0 0 0 0 0 0 2.30999998748302E-02 1.24000003561378E-02 0 0 0 0 0 0 0 1.21999997645617E-02 4.93000000715256E-02 1.95000004023314E-02 8.99999961256981E-03 4.19999985024333E-03 2.65999995172024E-02 4.96999993920326E-02 8.81000012159348E-02 5.71000017225742E-02 8.59000012278557E-02 6.56000003218651E-02 3.48999984562397E-02 .114699997007847 .334600001573563 2.41999998688698E-02
-999.9990234375 -999.9990234375 -999.9990234375 -999.9990234375 -999.9990234375 -999.9990234375 -999.9990234375 -999.9990234375 -999.9990234375 -999.9990234375 -999.9990234375 -999.9990234375 -999.9990234375 -999.9990234375 -999.9990234375 -999.9990234375 -999.9990234375 -999.9990234375 -999.9990234375 -999.9990234375 -999.9990234375 -999.9990234375 -999.9990234375 -999.9990234375 -999.9990234375 -999.9990234375 0 0 0 0 0 0 .014299999922514 0 0 2.89999996311963E-03 0 0 0 0 0 3.35999988019466E-02 4.25999984145164E-02 1.10999997705221E-02 9.70000028610229E-03 2.94000003486872E-02 6.78000003099442E-02 .011400000192225 0 0 .095600001513958 8.54000002145767E-02 .114799998700619 .114699997007847 .164599999785423 .114200003445148
-999.9990234375 -999.9990234375 -999.9990234375 -999.9990234375 -999.9990234375 -999.9990234375 -999.9990234375 -999.9990234375 -999.9990234375 -999.9990234375 -999.9990234375 -999.9990234375 -999.9990234375 -999.9990234375 -999.9990234375 -999.9990234375 -999.9990234375 -999.9990234375 -999.9990234375 -999.9990234375 -999.9990234375 -999.9990234375 -999.9990234375 -999.9990234375 -999.9990234375 -999.9990234375 0 0 0 0 0 .015599999576807 0 0 0 0 3.10000008903444E-03 3.10000008903444E-03 0 2.85000000149012E-02 .024100000038743 4.43000011146069E-02 4.43000011146069E-02 2.44999993592501E-02 1.9000000320375E-03 1.90999992191792E-02 5.88000006973743E-02 1.87999997287989E-02 0 0 0 1.49999996647239E-02 .124799996614456 .144800007343292 8.47000032663345E-02 4.43999990820885E-02
-999.9990234375 -999.9990234375 -999.9990234375 -999.9990234375 -999.9990234375 -999.9990234375 -999.9990234375 -999.9990234375 -999.9990234375 -999.9990234375 -999.9990234375 -999.9990234375 -999.9990234375 -999.9990234375 -999.9990234375 -999.9990234375 -999.9990234375 -999.9990234375 -999.9990234375 -999.9990234375 -999.9990234375 -999.9990234375 -999.9990234375 -999.9990234375 -999.9990234375 0 0 0 0 0 0 6.59999996423721E-03 2.79999990016222E-03 0 0 0 0 0 1.32999997586012E-02 4.32999990880489E-02 1.20999999344349E-02 2.61000003665686E-02 4.58000004291534E-02 2.53999996930361E-02 0 2.86999996751547E-02 5.90000003576279E-02 1.76999997347593E-02 1.39999995008111E-03 0 0 0 3.48000004887581E-02 8.48999992012978E-02 1.60000007599592E-02 .017000000923872
-999.9990234375 -999.9990234375 -999.9990234375 -999.9990234375 -999.9990234375 -999.9990234375 -999.9990234375 -999.9990234375 -999.9990234375 -999.9990234375 -999.9990234375 -999.9990234375 -999.9990234375 -999.9990234375 -999.9990234375 -999.9990234375 -999.9990234375 -999.9990234375 -999.9990234375 -999.9990234375 -999.9990234375 -999.9990234375 -999.9990234375 -999.9990234375 -999.9990234375 0 0 0 0 0 2.80000008642673E-02 0 3.10999993234873E-02 .092399999499321 1.38999996706843E-02 8.60000029206276E-03 0 3.00000014249235E-04 1.57999992370605E-02 4.12999987602234E-02 4.32000011205673E-02 3.92000004649162E-02 4.74999994039536E-02 1.67999994009733E-02 0 5.99000006914139E-02 6.98999986052513E-02 6.01000003516674E-02 7.69999995827675E-03 3.89999989420176E-03 2.56999991834164E-02 5.00000023748726E-04 0 2.63999998569489E-02 2.75999996811152E-02 2.20999997109175E-02
-999.9990234375 -999.9990234375 -999.9990234375 -999.9990234375 -999.9990234375 -999.9990234375 -999.9990234375 -999.9990234375 -999.9990234375 -999.9990234375 -999.9990234375 -999.9990234375 -999.9990234375 -999.9990234375 -999.9990234375 -999.9990234375 -999.9990234375 -999.9990234375 -999.9990234375 -999.9990234375 -999.9990234375 -999.9990234375 -999.9990234375 -999.9990234375 0 1.84000004082918E-02 0 0 0 8.39999970048666E-03 0 0 6.00000005215406E-03 1.36000001803041E-02 .127599999308586 .062100000679493 2.88999993354082E-02 2.99999993294477E-02 1.84000004082918E-02 2.19000000506639E-02 .025900000706315 3.94000001251698E-02 4.78999987244606E-02 3.70999984443188E-02 3.53999994695187E-02 3.22999991476536E-02 8.07999968528748E-02 4.06999997794628E-02 1.76999997347593E-02 0 1.20999999344349E-02 2.04000007361174E-02 4.39999997615814E-03 6.89999992027879E-03 4.90000005811453E-03 2.76999995112419E-02
-999.9990234375 -999.9990234375 -999.9990234375 -999.9990234375 -999.9990234375 -999.9990234375 -999.9990234375 -999.9990234375 -999.9990234375 -999.9990234375 -999.9990234375 -999.9990234375 -999.9990234375 -999.9990234375 -999.9990234375 -999.9990234375 -999.9990234375 -999.9990234375 -999.9990234375 -999.9990234375 -999.9990234375 -999.9990234375 -999.9990234375 -999.9990234375 0 4.41999994218349E-02 0 0 2.04000007361174E-02 1.82000007480383E-02 0 0 0 1.25000001862645E-02 5.62999993562698E-02 1.88999995589256E-02 5.38999997079372E-02 3.77999991178513E-02 2.74999998509884E-02 2.11999993771315E-02 1.26000000163913E-02 1.04000000283122E-02 3.79000008106232E-02 5.75999990105629E-02 2.63000000268221E-02 2.40000002086163E-02 5.22000007331371E-02 .061999998986721 4.14000004529953E-02 1.9000000320375E-03 0 4.90000005811453E-03 4.30000014603138E-03 2.29000002145767E-02 3.10999993234873E-02 1.43999997526407E-02
-999.9990234375 -999.9990234375 -999.9990234375 -999.9990234375 -999.9990234375 -999.9990234375 -999.9990234375 -999.9990234375 -999.9990234375 -999.9990234375 -999.9990234375 -999.9990234375 -999.9990234375 -999.9990234375 -999.9990234375 -999.9990234375 -999.9990234375 -999.9990234375 -999.9990234375 -999.9990234375 -999.9990234375 -999.9990234375 -999.9990234375 0 0 0 0 2.82000005245209E-02 5.77000007033348E-02 0 0 0 0 2.49000005424023E-02 0 2.67999991774559E-02 3.15999984741211E-02 1.51000004261732E-02 4.80999983847141E-02 3.73000018298626E-02 1.48000000044703E-02 2.60000000707805E-03 6.50000013411045E-03 3.77999991178513E-02 3.75000014901161E-02 1.57999992370605E-02 5.27999997138977E-02 4.34999987483025E-02 1.42000000923872E-02 .013399999588728 1.16999996826053E-02 2.74000000208616E-02 1.63000002503395E-02 1.29000004380941E-02 3.28000001609325E-02 4.74999994039536E-02
-999.9990234375 -999.9990234375 -999.9990234375 -999.9990234375 -999.9990234375 -999.9990234375 -999.9990234375 -999.9990234375 -999.9990234375 -999.9990234375 -999.9990234375 -999.9990234375 -999.9990234375 -999.9990234375 -999.9990234375 -999.9990234375 -999.9990234375 -999.9990234375 -999.9990234375 -999.9990234375 -999.9990234375 -999.9990234375 -999.9990234375 0 0 0 0 7.89999961853027E-03 .014299999922514 1.37000000104308E-02 0 0 6.89999992027879E-03 5.2000000141561E-03 2.92000006884336E-02 2.64999996870756E-02 3.77999991178513E-02 3.55999991297722E-02 2.17000003904104E-02 3.84000018239021E-02 2.76999995112419E-02 2.67999991774559E-02 8.89999978244305E-03 1.29000004380941E-02 .014299999922514 1.76999997347593E-02 .016100000590086 5.55999986827374E-02 2.76999995112419E-02 7.40000000223517E-03 .022299999371171 .029899999499321 .017000000923872 2.66999993473291E-02 3.42999994754791E-02 1.27999996766448E-02
-999.9990234375 -999.9990234375 -999.9990234375 -999.9990234375 -999.9990234375 -999.9990234375 -999.9990234375 -999.9990234375 -999.9990234375 -999.9990234375 -999.9990234375 -999.9990234375 -999.9990234375 -999.9990234375 -999.9990234375 -999.9990234375 -999.9990234375 -999.9990234375 -999.9990234375 -999.9990234375 -999.9990234375 -999.9990234375 0 6.88000023365021E-02 4.83999997377396E-02 0 0 1.85000002384186E-02 1.63000002503395E-02 0 1.5999999595806E-03 2.45999991893768E-02 0 5.00000023748726E-04 3.75000014901161E-02 4.45000007748604E-02 2.96000000089407E-02 4.61999997496605E-02 .033500000834465 5.92000000178814E-02 .048700001090765 3.79000008106232E-02 1.27999996766448E-02 1.16999996826053E-02 1.16999996826053E-02 6.09999988228083E-03 1.07000004500151E-02 2.94000003486872E-02 3.06000001728535E-02 4.10000011324883E-02 1.09999999403954E-02 1.88999995589256E-02 .0152000002563 6.59999996423721E-03 1.62000004202127E-02 2.45999991893768E-02
-999.9990234375 -999.9990234375 -999.9990234375 -999.9990234375 -999.9990234375 -999.9990234375 -999.9990234375 -999.9990234375 -999.9990234375 -999.9990234375 -999.9990234375 -999.9990234375 -999.9990234375 -999.9990234375 -999.9990234375 -999.9990234375 -999.9990234375 -999.9990234375 -999.9990234375 -999.9990234375 -999.9990234375 -999.9990234375 0 6.89999982714653E-02 0 0 0 0 0 0 2.09999992512167E-03 4.39000017940998E-02 1.00000004749745E-03 2.49000005424023E-02 2.17000003904104E-02 1.83000005781651E-02 4.08999994397163E-02 .028999999165535 2.63999998569489E-02 3.94000001251698E-02 3.88000011444092E-02 3.81999984383583E-02 .014299999922514 .016499999910593 1.20999999344349E-02 6.89999992027879E-03 7.89999961853027E-03 2.25000008940697E-02 3.37000004947186E-02 1.53000000864267E-02 2.52999998629093E-02 2.52999998629093E-02 2.10999995470047E-02 1.53000000864267E-02 2.75999996811152E-02 2.60000005364418E-02
-999.9990234375 -999.9990234375 -999.9990234375 -999.9990234375 -999.9990234375 -999.9990234375 -999.9990234375 -999.9990234375 -999.9990234375 -999.9990234375 -999.9990234375 -999.9990234375 -999.9990234375 -999.9990234375 -999.9990234375 -999.9990234375 -999.9990234375 -999.9990234375 -999.9990234375 -999.9990234375 -999.9990234375 0 0 .060699999332428 .025900000706315 5.73999993503094E-02 3.86000014841557E-02 0 1.02000003680587E-02 7.49999983236194E-03 4.39999997615814E-02 3.37000004947186E-02 3.18999998271465E-02 2.78999991714954E-02 3.46000008285046E-02 3.28000001609325E-02 1.86999998986721E-02 2.48000007122755E-02 4.10999990999699E-02 0 3.86999994516373E-02 1.85000002384186E-02 7.1000000461936E-03 1.24000003561378E-02 1.54999997466803E-02 2.04000007361174E-02 4.4999998062849E-03 1.47000001743436E-02 3.66000011563301E-02 1.94000005722046E-02 1.29000004380941E-02 5.24999983608723E-02 1.95000004023314E-02 2.87999995052814E-02 .013399999588728 3.59999984502792E-02
-999.9990234375 -999.9990234375 -999.9990234375 -999.9990234375 -999.9990234375 -999.9990234375 -999.9990234375 -999.9990234375 -999.9990234375 -999.9990234375 -999.9990234375 -999.9990234375 -999.9990234375 -999.9990234375 -999.9990234375 -999.9990234375 -999.9990234375 -999.9990234375 -999.9990234375 -999.9990234375 -999.9990234375 0 0 7.55999982357025E-02 6.63999989628792E-02 8.69000032544136E-02 0 6.99999975040555E-04 1.5999999595806E-03 0 1.11999996006489E-02 0 5.02999983727932E-02 .049100000411272 3.59999984502792E-02 3.42000015079975E-02 4.19999994337559E-02 2.99999993294477E-02 1.68999992311001E-02 1.73000004142523E-02 1.50000001303852E-03 1.50000001303852E-03 3.89999989420176E-03 1.75000000745058E-02 1.07000004500151E-02 0 0 0 3.08999996632338E-02 3.37000004947186E-02 3.86000014841557E-02 3.86000014841557E-02 2.69000008702278E-02 5.70000009611249E-03 9.20000020414591E-03 0
-999.9990234375 -999.9990234375 -999.9990234375 -999.9990234375 -999.9990234375 -999.9990234375 -999.9990234375 -999.9990234375 -999.9990234375 -999.9990234375 -999.9990234375 -999.9990234375 -999.9990234375 -999.9990234375 -999.9990234375 -999.9990234375 -999.9990234375 -999.9990234375 -999.9990234375 -999.9990234375 0 0 2.93000005185604E-02 4.93000000715256E-02 8.56000036001205E-02 .098300002515316 1.00000004749745E-03 1.16999996826053E-02 .031700000166893 0 0 4.30000014603138E-02 1.51000004261732E-02 1.82000007480383E-02 2.65999995172024E-02 5.55999986827374E-02 2.40000002086163E-02 3.26999984681606E-02 5.79999992623925E-03 2.0000000949949E-03 3.46999987959862E-02 .044599998742342 .010499999858439 1.02000003680587E-02 1.75999999046326E-02 1.00000004749745E-03 0 0 7.00000021606684E-03 9.70000028610229E-03 5.33999986946583E-02 .064300000667572 2.33999993652105E-02 4.14999984204769E-02 0 6.90999999642372E-02
-999.9990234375 -999.9990234375 -999.9990234375 -999.9990234375 -999.9990234375 -999.9990234375 -999.9990234375 -999.9990234375 -999.9990234375 -999.9990234375 -999.9990234375 -999.9990234375 -999.9990234375 -999.9990234375 -999.9990234375 -999.9990234375 -999.9990234375 -999.9990234375 -999.9990234375 -999.9990234375 0 0 6.90999999642372E-02 6.92000016570091E-02 2.93000005185604E-02 0 .063400000333786 9.26000028848648E-02 0 0 0 0 5.71000017225742E-02 4.41000014543533E-02 1.04000000283122E-02 2.96999998390675E-02 .035300001502037 2.52999998629093E-02 9.80000011622906E-03 2.33999993652105E-02 1.49999996647239E-02 2.54999995231628E-02 4.56000007688999E-02 9.99999974737875E-05 1.31999999284744E-02 1.09999999403954E-03 2.0000000949949E-03 9.99999974737875E-05 1.20000005699694E-03 1.11999996006489E-02 3.92999984323978E-02 .066600002348423 7.85000026226044E-02 0 3.95000018179417E-02 7.90999978780746E-02
-999.9990234375 -999.9990234375 -999.9990234375 -999.9990234375 -999.9990234375 -999.9990234375 -999.9990234375 -999.9990234375 -999.9990234375 -999.9990234375 -999.9990234375 -999.9990234375 -999.9990234375 -999.9990234375 -999.9990234375 -999.9990234375 -999.9990234375 -999.9990234375 -999.9990234375 -999.9990234375 0 3.88999991118908E-02 5.90000003576279E-02 9.91000011563301E-02 0 4.69999993219972E-03 1.40000004321337E-02 0 2.30000005103648E-03 0 0 0 0 5.00999987125397E-02 5.02999983727932E-02 4.23999987542629E-02 0 1.85000002384186E-02 3.09999994933605E-02 .014299999922514 3.64000014960766E-02 4.65000011026859E-02 2.69000008702278E-02 1.15999998524785E-02 4.08000014722347E-02 2.30000005103648E-03 7.999999797903E-04 1.20999999344349E-02 5.29999984428287E-03 1.51000004261732E-02 4.80000004172325E-02 6.59999996423721E-03 4.65999990701675E-02 8.98000001907349E-02 6.03000000119209E-02 3.95000018179417E-02
-999.9990234375 -999.9990234375 -999.9990234375 -999.9990234375 -999.9990234375 -999.9990234375 -999.9990234375 -999.9990234375 -999.9990234375 -999.9990234375 -999.9990234375 -999.9990234375 -999.9990234375 -999.9990234375 -999.9990234375 -999.9990234375 -999.9990234375 -999.9990234375 -999.9990234375 0 3.88999991118908E-02 7.89000019431114E-02 6.88999965786934E-02 .028999999165535 0 0 0 0 0 2.20999997109175E-02 .062100000679493 0 0 0 2.19999998807907E-02 6.41999989748001E-02 9.70000028610229E-03 0 1.37000000104308E-02 1.54999997466803E-02 3.68999987840652E-02 3.77000011503696E-02 2.94000003486872E-02 1.49999996647239E-02 2.55999993532896E-02 3.61000001430511E-02 2.30999998748302E-02 1.09999999403954E-02 5.95999993383884E-02 1.94000005722046E-02 0 5.49999997019768E-02 7.19999969005585E-02 .061599999666214 6.14000000059605E-02 3.08999996632338E-02
-999.9990234375 -999.9990234375 -999.9990234375 -999.9990234375 -999.9990234375 -999.9990234375 -999.9990234375 -999.9990234375 -999.9990234375 -999.9990234375 -999.9990234375 -999.9990234375 -999.9990234375 -999.9990234375 -999.9990234375 -999.9990234375 -999.9990234375 -999.9990234375 -999.9990234375 0 9.88999977707863E-02 .108800001442432 2.80000008642673E-02 0 0 0 0 0 0 0 .025000000372529 4.71000000834465E-02 2.64999996870756E-02 0 0 1.09999999403954E-02 4.30999994277954E-02 1.60000007599592E-02 4.69999993219972E-03 3.00999991595745E-02 1.98999997228384E-02 3.15999984741211E-02 .029899999499321 2.29000002145767E-02 3.05000003427267E-02 2.81000006943941E-02 2.12999992072582E-02 0 0 .137099996209145 .126599997282028 5.79000003635883E-02 5.57000003755093E-02 6.23999983072281E-02 6.21999986469746E-02 4.17000018060207E-02
