sobek/output sobek maximum depth q50.asc
nCols        140
nRows        174
xllCorner    108250
yllCorner    537700
CellSize     25
nodata_value -999.999
[rows 50 to 74 of 174, columns 0 to 55 of 140]
-999.9990234375 -999.9990234375 -999.9990234375 -999.9990234375 -999.9990234375 -999.9990234375 -999.9990234375 -999.9990234375 -999.9990234375 -999.9990234375 -999.9990234375 -999.9990234375 -999.9990234375 -999.9990234375 -999.9990234375 -999.9990234375 -999.9990234375 -999.9990234375 0 6.90999999642372E-02 .118900001049042 0 0 0 0 0 0 0 0 0 0 1.53999999165535E-02 1.49999996647239E-02 4.60000010207295E-03 0 0 0 7.07999989390373E-02 4.23000007867813E-02 .017000000923872 1.40000004321337E-02 2.23999992012978E-02 4.21000011265278E-02 2.97999996691942E-02 2.99999993294477E-02 0 0 1.85000002384186E-02 .187700003385544 .247400000691414 .187099993228912 6.45999982953072E-02 6.20000017806888E-03 .015599999576807 4.28999997675419E-02 2.09999992512167E-03
-999.9990234375 -999.9990234375 -999.9990234375 -999.9990234375 -999.9990234375 -999.9990234375 -999.9990234375 -999.9990234375 -999.9990234375 -999.9990234375 -999.9990234375 -999.9990234375 -999.9990234375 -999.9990234375 -999.9990234375 -999.9990234375 -999.9990234375 -999.9990234375 0 0 7.91999995708466E-02 0 0 0 0 0 0 0 0 0 2.49999994412065E-03 .032200001180172 .02280000038445 0 0 6.89999992027879E-03 1.85000002384186E-02 0 5.60999996960163E-02 3.37999984622002E-02 3.20999994874001E-02 6.06000013649464E-02 .046399999409914 0 0 5.02000004053116E-02 .1199000030756 .249300003051758 .19820000231266 .13740000128746 .127100005745888 9.62999984622002E-02 4.45000007748604E-02 2.54999995231628E-02 4.32000011205673E-02 4.32000011205673E-02
-999.9990234375 -999.9990234375 -999.9990234375 -999.9990234375 -999.9990234375 -999.9990234375 -999.9990234375 -999.9990234375 -999.9990234375 -999.9990234375 -999.9990234375 -999.9990234375 -999.9990234375 -999.9990234375 -999.9990234375 -999.9990234375 -999.9990234375 0 0 0 2.11999993771315E-02 2.30000000447035E-02 5.2000000141561E-03 0 0 0 2.41999998688698E-02 4.19999985024333E-03 0 0 0 0 2.15000007301569E-02 0 0 0 0 1.86000000685453E-02 0 2.65999995172024E-02 2.62000001966953E-02 0 0 2.93000005185604E-02 .130700007081032 .330599993467331 .290300011634827 .209900006651878 4.89000007510185E-02 1.86999998986721E-02 0 .066100001335144 .126000002026558 2.41999998688698E-02 0 0
-999.9990234375 -999.9990234375 -999.9990234375 -999.9990234375 -999.9990234375 -999.9990234375 -999.9990234375 -999.9990234375 -999.9990234375 -999.9990234375 -999.9990234375 -999.9990234375 -999.9990234375 -999.9990234375 -999.9990234375 -999.9990234375 -999.9990234375 0 0 0 0 7.64999985694885E-02 5.71000017225742E-02 0 0 9.60000045597553E-03 3.42000015079975E-02 1.42000000923872E-02 4.19999985024333E-03 0 0 0 0 0 0 0 0 0 0 0 0 0 .161400005221367 .211199998855591 .260899990797043 .200599998235703 .150499999523163 .100500002503395 6.30000000819564E-03 2.74000000208616E-02 7.999999797903E-04 0 0 5.60999996960163E-02 1.62000004202127E-02 0
-999.9990234375 -999.9990234375 -999.9990234375 -999.9990234375 -999.9990234375 -999.9990234375 -999.9990234375 -999.9990234375 -999.9990234375 -999.9990234375 -999.9990234375 -999.9990234375 -999.9990234375 -999.9990234375 -999.9990234375 -999.9990234375 0 0 0 0 0 2.74999998509884E-02 6.75999969244003E-02 3.81999984383583E-02 2.83000003546476E-02 4.69999983906746E-02 0 0 0 0 0 0 0 0 0 0 0 0 0 2.42999996989965E-02 .18350000679493 .202500000596046 .231800004839897 .141299992799759 .111400000751019 2.12999992072582E-02 5.00000023748726E-04 2.06000003963709E-02 .164000004529953 5.07000014185905E-02 9.99999974737875E-05 0 0 0 0 .206300005316734
-999.9990234375 -999.9990234375 -999.9990234375 -999.9990234375 -999.9990234375 -999.9990234375 -999.9990234375 -999.9990234375 -999.9990234375 -999.9990234375 -999.9990234375 -999.9990234375 -999.9990234375 -999.9990234375 -999.9990234375 -999.9990234375 0 0 0 0 2.60000005364418E-02 2.85999998450279E-02 6.80999979376793E-02 5.84999993443489E-02 3.90000008046627E-02 9.80000011622906E-03 0 0 0 0 0 0 0 0 0 1.99999994947575E-04 0 0 .195299997925758 .224999994039536 .254400014877319 6.36000037193298E-02 0 0 3.9999998989515E-04 .101499997079372 3.15999984741211E-02 0 0 9.71999987959862E-02 .147499993443489 0 0 0 0 0
-999.9990234375 -999.9990234375 -999.9990234375 -999.9990234375 -999.9990234375 -999.9990234375 -999.9990234375 -999.9990234375 -999.9990234375 -999.9990234375 -999.9990234375 -999.9990234375 -999.9990234375 -999.9990234375 -999.9990234375 -999.9990234375 0 0 0 2.53999996930361E-02 .059799998998642 2.79999990016222E-03 1.86999998986721E-02 8.87999981641769E-02 5.90000003576279E-02 4.89999987185001E-02 0 0 0 0 0 0 0 0 0 0 2.76999995112419E-02 .195899993181229 .29559999704361 .195299997925758 4.80000022798777E-03 0 0 0 0 1.20000005699694E-03 3.15999984741211E-02 .121699996292591 0 0 1.97999998927116E-02 .200900003314018 .103000000119209 0 0 0
-999.9990234375 -999.9990234375 -999.9990234375 -999.9990234375 -999.9990234375 -999.9990234375 -999.9990234375 -999.9990234375 -999.9990234375 -999.9990234375 -999.9990234375 -999.9990234375 -999.9990234375 -999.9990234375 -999.9990234375 -999.9990234375 0 0 0 3.97999994456768E-02 3.50000001490116E-02 2.63999998569489E-02 1.77999995648861E-02 9.96999964118004E-02 5.90999983251095E-02 1.03000001981854E-02 9.99999977648258E-03 0 0 0 0 0 0 0 0 .147100001573563 .246700003743172 .236399993300438 .156000003218651 .023700000718236 0 0 0 0 0 4.80000022798777E-03 0 0 .101800002157688 .091899998486042 9.20000020414591E-03 2.19999998807907E-03 8.33000019192696E-02 .116899996995926 0 0
-999.9990234375 -999.9990234375 -999.9990234375 -999.9990234375 -999.9990234375 -999.9990234375 -999.9990234375 -999.9990234375 -999.9990234375 -999.9990234375 -999.9990234375 -999.9990234375 -999.9990234375 -999.9990234375 -999.9990234375 -999.9990234375 0 0 0 2.06000003963709E-02 .048200000077486 5.82999996840954E-02 .105700001120567 8.22999998927116E-02 0 2.20999997109175E-02 4.17000018060207E-02 0 0 0 9.10000037401915E-03 0 0 0 .148000001907349 .187600001692772 9.71999987959862E-02 0 0 .133499994874001 5.71999996900558E-02 0 0 0 4.08000014722347E-02 8.10000021010637E-03 0 0 0 0 .091899998486042 1.5999999595806E-03 4.19999985024333E-03 1.88999995589256E-02 0 0
-999.9990234375 -999.9990234375 -999.9990234375 -999.9990234375 -999.9990234375 -999.9990234375 -999.9990234375 -999.9990234375 -999.9990234375 -999.9990234375 -999.9990234375 -999.9990234375 -999.9990234375 -999.9990234375 -999.9990234375 -999.9990234375 0 0 0 0 3.03000006824732E-02 9.44999977946281E-02 7.19999987632036E-03 0 2.30999998748302E-02 4.28000018000603E-02 6.50000013411045E-03 1.32999997586012E-02 0 0 0 0 .109399996697903 .149000003933907 .348199993371964 .218199998140335 0 0 5.00000023748726E-04 1.42000000923872E-02 .114000000059605 .127399995923042 2.30999998748302E-02 3.73000018298626E-02 3.13999988138676E-02 8.99999961256981E-03 0 0 0 0 0 0 0 0 0 0
-999.9990234375 -999.9990234375 -999.9990234375 -999.9990234375 -999.9990234375 -999.9990234375 -999.9990234375 -999.9990234375 -999.9990234375 -999.9990234375 -999.9990234375 -999.9990234375 -999.9990234375 -999.9990234375 -999.9990234375 -999.9990234375 0 0 0 0 0 4.03000004589558E-02 1.57999992370605E-02 1.03000001981854E-02 4.99999988824129E-03 1.65999997407198E-02 1.31999999284744E-02 3.95000018179417E-02 7.95999988913536E-02 0 0 .160199999809265 .17960000038147 .159299999475479 3.84999997913837E-02 7.82999992370605E-02 7.84000009298325E-02 0 1.18000004440546E-02 8.79999995231628E-03 7.98000022768974E-02 .200800001621246 .167699992656708 2.40000002086163E-02 0 0 0 0 0 0 0 0 0 0 0 0
-999.9990234375 -999.9990234375 -999.9990234375 -999.9990234375 -999.9990234375 -999.9990234375 -999.9990234375 -999.9990234375 -999.9990234375 -999.9990234375 -999.9990234375 -999.9990234375 -999.9990234375 -999.9990234375 -999.9990234375 -999.9990234375 0 0 0 0 0 3.92000004649162E-02 .111800000071526 6.30000000819564E-03 2.39000003784895E-02 8.20000022649765E-02 2.77999993413687E-02 1.54999997466803E-02 0 0 0 .170399993658066 5.09999990463257E-02 0 0 0 7.29999989271164E-02 8.82000029087067E-02 3.70000000111759E-03 0 7.24999979138374E-02 .063400000333786 4.08000014722347E-02 3.15999984741211E-02 0 0 0 0 0 0 0 0 0 0 0 0
-999.9990234375 -999.9990234375 -999.9990234375 -999.9990234375 -999.9990234375 -999.9990234375 -999.9990234375 -999.9990234375 -999.9990234375 -999.9990234375 -999.9990234375 -999.9990234375 -999.9990234375 -999.9990234375 -999.9990234375 -999.9990234375 0 0 0 0 0 1.20000005699694E-03 7.06000030040741E-02 .048700001090765 .097800001502037 .107799999415874 0 0 0 0 3.24999988079071E-02 0 2.75999996811152E-02 0 0 0 1.50000001303852E-03 .118299998342991 7.98000022768974E-02 .031700000166893 7.49999983236194E-03 8.2999998703599E-03 1.64000000804663E-02 0 0 0 0 0 0 0 0 0 0 0 0 0
-999.9990234375 -999.9990234375 -999.9990234375 -999.9990234375 -999.9990234375 -999.9990234375 -999.9990234375 -999.9990234375 -999.9990234375 -999.9990234375 -999.9990234375 -999.9990234375 -999.9990234375 -999.9990234375 -999.9990234375 -999.9990234375 0 0 0 0 0 0 1.35000003501773E-02 0 0 0 0 0 0 0 0 0 3.02000008523464E-02 0 0 0 0 0 .110200002789497 0 0 0 0 0 0 0 0 0 0 0 0 .017000000923872 0 0 0 0
-999.9990234375 -999.9990234375 -999.9990234375 -999.9990234375 -999.9990234375 -999.9990234375 -999.9990234375 -999.9990234375 -999.9990234375 -999.9990234375 -999.9990234375 -999.9990234375 -999.9990234375 -999.9990234375 -999.9990234375 -999.9990234375 0 0 0 0 0 0 0 0 0 0 0 0 0 0 0 8.33000019192696E-02 0 5.84000013768673E-02 0 0 0 0 0 0 0 0 0 0 0 0 0 0 0 1.39999995008111E-03 .008500000461936 1.16999996826053E-02 5.00000023748726E-04 4.10000002011657E-03 0 0
-999.9990234375 -999.9990234375 -999.9990234375 -999.9990234375 -999.9990234375 -999.9990234375 -999.9990234375 -999.9990234375 -999.9990234375 -999.9990234375 -999.9990234375 -999.9990234375 -999.9990234375 -999.9990234375 -999.9990234375 0 0 0 0 0 0 0 0 0 2.93000005185604E-02 2.94000003486872E-02 8.2999998703599E-03 0 0 0 2.20999997109175E-02 7.60000012814999E-03 4.21999990940094E-02 2.92000006884336E-02 0 0 0 0 0 0 0 0 0 0 0 0 0 0 0 0 7.1000000461936E-03 7.63999968767166E-02 .118199996650219 4.69999983906746E-02 7.72000029683113E-02 0
-999.9990234375 -999.9990234375 -999.9990234375 -999.9990234375 -999.9990234375 -999.9990234375 -999.9990234375 -999.9990234375 -999.9990234375 -999.9990234375 -999.9990234375 -999.9990234375 -999.9990234375 -999.9990234375 -999.9990234375 0 0 0 0 0 0 0 0 3.00000002607703E-03 5.93000017106533E-02 1.90999992191792E-02 0 8.60000029206276E-03 2.55999993532896E-02 7.79999978840351E-03 6.50000013411045E-03 2.60000000707805E-03 1.30000000353903E-03 0 0 0 0 2.27000005543232E-02 0 0 0 0 0 0 0 0 0 0 3.20999994874001E-02 .091899998486042 9.17000025510788E-02 3.15999984741211E-02 2.05000005662441E-02 5.00999987125397E-02 2.52000000327826E-02 0
-999.9990234375 -999.9990234375 -999.9990234375 -999.9990234375 -999.9990234375 -999.9990234375 -999.9990234375 -999.9990234375 -999.9990234375 -999.9990234375 -999.9990234375 -999.9990234375 -999.9990234375 -999.9990234375 -999.9990234375 0 0 0 0 0 3.1999999191612E-03 3.29999998211861E-03 2.30000005103648E-03 5.79999992623925E-03 1.00999996066093E-02 5.86000010371208E-02 5.55999986827374E-02 .032200001180172 1.83000005781651E-02 .031700000166893 6.59999996423721E-03 6.69999979436398E-03 3.9999998989515E-04 0 1.32999997586012E-02 0 0 0 0 0 0 0 0 0 0 0 0 0 0 0 3.80000006407499E-03 6.59999996423721E-03 2.08000000566244E-02 2.33999993652105E-02 8.10000021010637E-03 2.96999998390675E-02
-999.9990234375 -999.9990234375 -999.9990234375 -999.9990234375 -999.9990234375 -999.9990234375 -999.9990234375 -999.9990234375 -999.9990234375 -999.9990234375 -999.9990234375 -999.9990234375 -999.9990234375 -999.9990234375 -999.9990234375 0 0 .113300003111362 2.99999993294477E-02 3.55999991297722E-02 2.19000000506639E-02 4.12999987602234E-02 1.37000000104308E-02 .010499999858439 .111599996685982 7.03999996185303E-02 1.85000002384186E-02 8.99999984540045E-04 2.43999995291233E-02 1.40000004321337E-02 2.21999995410442E-02 1.53999999165535E-02 1.29000004380941E-02 2.72000003606081E-02 0 0 0 0 0 0 0 0 0 0 0 0 0 0 0 0 0 0 2.16000005602837E-02 1.20000001043081E-02 0 0
-999.9990234375 -999.9990234375 -999.9990234375 -999.9990234375 -999.9990234375 -999.9990234375 -999.9990234375 -999.9990234375 -999.9990234375 -999.9990234375 -999.9990234375 -999.9990234375 -999.9990234375 -999.9990234375 0 0 0 6.72999992966652E-02 7.86999985575676E-02 3.79000008106232E-02 1.97000000625849E-02 2.55999993532896E-02 4.61000017821789E-02 .180399999022484 .017400000244379 0 0 9.99999974737875E-05 1.19000002741814E-02 5.10000018402934E-03 9.10000037401915E-03 2.53999996930361E-02 2.56999991834164E-02 0 0 2.62000001966953E-02 0 0 0 0 0 0 0 0 0 0 0 0 0 0 0 0 0 0 0 0
-999.9990234375 -999.9990234375 -999.9990234375 -999.9990234375 -999.9990234375 -999.9990234375 -999.9990234375 -999.9990234375 -999.9990234375 -999.9990234375 -999.9990234375 -999.9990234375 -999.9990234375 -999.9990234375 0 0 0 0 1.56999994069338E-02 2.47000008821487E-02 2.47000008821487E-02 .118199996650219 4.80000004172325E-02 0 0 0 0 0 1.19000002741814E-02 0 2.52999998629093E-02 5.40000014007092E-03 2.15000007301569E-02 0 0 0 0 0 0 0 0 0 0 0 0 0 0 0 0 0 0 0 0 0 0 0
-999.9990234375 -999.9990234375 -999.9990234375 -999.9990234375 -999.9990234375 -999.9990234375 -999.9990234375 -999.9990234375 -999.9990234375 -999.9990234375 -999.9990234375 -999.9990234375 -999.9990234375 0 0 0 0 0 0 2.04000007361174E-02 2.00999993830919E-02 0 0 0 0 0 0 0 1.57999992370605E-02 0 1.05999996885657E-02 1.98999997228384E-02 4.34000007808208E-02 0 0 0 0 0 0 0 0 0 0 0 0 0 .012699999846518 1.86999998986721E-02 3.73000018298626E-02 0 0 0 0 0 0 0
-999.9990234375 -999.9990234375 -999.9990234375 -999.9990234375 -999.9990234375 -999.9990234375 -999.9990234375 -999.9990234375 -999.9990234375 -999.9990234375 -999.9990234375 -999.9990234375 -999.9990234375 0 0 0 0 0 4.23000007867813E-02 3.50000010803342E-03 1.39999995008111E-03 8.82000029087067E-02 .048200000077486 0 0 0 0 0 0 0 5.46999983489513E-02 0 0 0 0 0 0 0 0 0 0 0 0 0 0 9.99999974737875E-05 6.36000037193298E-02 3.28000001609325E-02 6.50999993085861E-02 6.17000013589859E-02 0 0 0 0 0 0
-999.9990234375 -999.9990234375 -999.9990234375 -999.9990234375 -999.9990234375 -999.9990234375 -999.9990234375 -999.9990234375 -999.9990234375 -999.9990234375 -999.9990234375 -999.9990234375 0 0 0 0 1.22999995946884E-02 4.25000004470348E-02 1.03000001981854E-02 0 6.00000028498471E-04 .128199994564056 7.81999975442886E-02 7.81999975442886E-02 0 0 0 0 0 0 0 0 0 0 0 0 0 0 0 0 0 0 0 0 0 5.05999997258186E-02 8.13999995589256E-02 .0625 .032600000500679 1.07000004500151E-02 0 0 0 0 0 0
-999.9990234375 -999.9990234375 -999.9990234375 -999.9990234375 -999.9990234375 -999.9990234375 -999.9990234375 -999.9990234375 -999.9990234375 -999.9990234375 -999.9990234375 -999.9990234375 0 0 0 0 0 0 0 0 .048200000077486 9.82000008225441E-02 8.82000029087067E-02 6.81999996304512E-02 0 0 0 5.71999996900558E-02 0 0 0 0 0 0 0 0 0 0 0 0 0 0 5.00000023748726E-04 4.41999994218349E-02 3.26999984681606E-02 8.57999995350838E-02 6.15000016987324E-02 .100699998438358 1.51000004261732E-02 0 0 0 0 0 0 0
