sobek/output sobek q50.asc
nCols        140
nRows        174
xllCorner    108250
yllCorner    537700
CellSize     25
nodata_value -9999
[rows 44 to 65 of 174, columns 51 to 101 of 140]
.170000001788139 .180000007152557 .200000002980232 .180000007152557 .230000004172325 .180000007152557 .159999996423721 .219999998807907 .200000002980232 .170000001788139 .25 .28999999165535 .310000002384186 .340000003576279 .400000005960464 .280000001192093 .209999993443489 .200000002980232 .159999996423721 .180000007152557 .170000001788139 .109999999403954 9.99999977648258E-03 -9.99999977648258E-03 -9.00000035762787E-02 -.119999997317791 -.230000004172325 -.349999994039536 -.340000003576279 -.449999988079071 -.540000021457672 -.569999992847443 -.569999992847443 -.589999973773956 -.589999973773956 -.490000009536743 .25 .25 -5.99999986588955E-02 -2.99999993294477E-02 5.99999986588955E-02 .119999997317791 .189999997615814 .150000005960464 .109999999403954 .109999999403954 .119999997317791 9.00000035762787E-02 .140000000596046 .140000000596046 .150000005960464
.150000005960464 .189999997615814 .170000001788139 .270000010728836 .159999996423721 .159999996423721 .170000001788139 .180000007152557 .189999997615814 .230000004172325 .170000001788139 .270000010728836 .300000011920929 .370000004768372 .360000014305115 .280000001192093 .200000002980232 .230000004172325 .150000005960464 .189999997615814 .119999997317791 7.00000002980232E-02 .100000001490116 2.99999993294477E-02 -7.99999982118607E-02 -.119999997317791 -.170000001788139 -.200000002980232 -.319999992847443 -.5 -.560000002384186 -.550000011920929 -.589999973773956 -.610000014305115 -.540000021457672 -.310000002384186 -7.00000002980232E-02 .25 -.100000001490116 -3.99999991059303E-02 7.99999982118607E-02 .140000000596046 .170000001788139 .180000007152557 7.00000002980232E-02 .119999997317791 .100000001490116 .109999999403954 .109999999403954 .119999997317791 .189999997615814
.150000005960464 .140000000596046 .230000004172325 .189999997615814 .150000005960464 .159999996423721 .180000007152557 .170000001788139 .200000002980232 .200000002980232 .180000007152557 .170000001788139 .270000010728836 .28999999165535 .28999999165535 .259999990463257 .230000004172325 .25 .230000004172325 .209999993443489 .180000007152557 .170000001788139 .100000001490116 7.99999982118607E-02 -2.99999993294477E-02 -7.99999982118607E-02 -.140000000596046 -.189999997615814 -.230000004172325 -.389999985694885 -.589999973773956 -.469999998807907 -.389999985694885 -.439999997615814 -.310000002384186 -.140000000596046 .25 .170000001788139 -7.00000002980232E-02 9.99999977648258E-03 .129999995231628 .150000005960464 2.99999993294477E-02 5.00000007450581E-02 9.00000035762787E-02 5.99999986588955E-02 .100000001490116 .159999996423721 .129999995231628 .200000002980232 .209999993443489
.219999998807907 .180000007152557 .140000000596046 .170000001788139 .189999997615814 .180000007152557 .180000007152557 .189999997615814 .209999993443489 .209999993443489 .230000004172325 .180000007152557 .119999997317791 .239999994635582 .270000010728836 .259999990463257 .189999997615814 .25 .25 .25 .319999992847443 .25 .159999996423721 .159999996423721 2.99999993294477E-02 -.100000001490116 -.129999995231628 -.180000007152557 -.280000001192093 -.25 -.170000001788139 -.189999997615814 -.200000002980232 -1.99999995529652E-02 9.00000035762787E-02 .25 .129999995231628 .219999998807907 9.00000035762787E-02 1.99999995529652E-02 9.00000035762787E-02 .209999993443489 .200000002980232 .119999997317791 2.99999993294477E-02 9.00000035762787E-02 .100000001490116 .119999997317791 .140000000596046 .200000002980232 .239999994635582
.180000007152557 .159999996423721 .170000001788139 .170000001788139 .200000002980232 .219999998807907 .209999993443489 .230000004172325 .239999994635582 .189999997615814 .180000007152557 .209999993443489 .170000001788139 .219999998807907 .300000011920929 .230000004172325 .239999994635582 .239999994635582 .259999990463257 .28999999165535 .270000010728836 .330000013113022 .239999994635582 .219999998807907 5.00000007450581E-02 -7.00000002980232E-02 -.150000005960464 -.129999995231628 .469999998807907 .680000007152557 .649999976158142 .610000014305115 .670000016689301 .25 .25 -5.00000007450581E-02 -3.99999991059303E-02 .259999990463257 .230000004172325 -1.99999995529652E-02 .140000000596046 .319999992847443 .200000002980232 .150000005960464 .150000005960464 .119999997317791 2.99999993294477E-02 .219999998807907 .280000001192093 .28999999165535 .219999998807907
.180000007152557 .180000007152557 .170000001788139 .170000001788139 .189999997615814 .219999998807907 .25 .270000010728836 .239999994635582 .170000001788139 .189999997615814 .170000001788139 .189999997615814 .25 .280000001192093 .230000004172325 .189999997615814 .209999993443489 .259999990463257 .200000002980232 .239999994635582 .300000011920929 .370000004768372 .219999998807907 5.99999986588955E-02 -.100000001490116 .400000005960464 1.14999997615814 .730000019073486 .349999994039536 .209999993443489 .25 .129999995231628 .100000001490116 -9.00000035762787E-02 -9.99999977648258E-03 -9.99999977648258E-03 .209999993443489 .230000004172325 .109999999403954 .150000005960464 .230000004172325 .140000000596046 9.00000035762787E-02 5.00000007450581E-02 9.99999977648258E-03 .189999997615814 .28999999165535 .319999992847443 .25 .200000002980232
.180000007152557 .230000004172325 .219999998807907 .189999997615814 .230000004172325 .219999998807907 .219999998807907 .230000004172325 .209999993443489 .189999997615814 .180000007152557 .25 .270000010728836 9.00000035762787E-02 .200000002980232 .180000007152557 .189999997615814 .180000007152557 .209999993443489 .109999999403954 .150000005960464 .180000007152557 .270000010728836 .280000001192093 .159999996423721 .660000026226044 1.01999998092651 .5 .219999998807907 .209999993443489 .189999997615814 .140000000596046 .129999995231628 .140000000596046 3.99999991059303E-02 .129999995231628 -9.99999977648258E-03 7.00000002980232E-02 .150000005960464 .129999995231628 -9.99999977648258E-03 .270000010728836 .150000005960464 2.99999993294477E-02 5.00000007450581E-02 1.99999995529652E-02 .230000004172325 .209999993443489 .230000004172325 .200000002980232 .25
.150000005960464 .200000002980232 .209999993443489 .189999997615814 .189999997615814 .219999998807907 .200000002980232 .200000002980232 .189999997615814 .300000011920929 .280000001192093 .25 .189999997615814 .319999992847443 .180000007152557 .109999999403954 .150000005960464 .150000005960464 .140000000596046 .140000000596046 .150000005960464 .170000001788139 .189999997615814 .239999994635582 .519999980926514 .620000004768372 .419999986886978 .28999999165535 .239999994635582 .239999994635582 .189999997615814 .200000002980232 .109999999403954 .159999996423721 .129999995231628 9.00000035762787E-02 .159999996423721 .100000001490116 5.00000007450581E-02 5.99999986588955E-02 5.99999986588955E-02 .189999997615814 .200000002980232 3.99999991059303E-02 1.99999995529652E-02 5.00000007450581E-02 .100000001490116 .209999993443489 .209999993443489 .170000001788139 5.00000007450581E-02
.180000007152557 .119999997317791 .219999998807907 .280000001192093 .319999992847443 .239999994635582 .219999998807907 .239999994635582 .25 .300000011920929 .310000002384186 .209999993443489 .219999998807907 .109999999403954 .230000004172325 .159999996423721 9.00000035762787E-02 .109999999403954 .140000000596046 .140000000596046 .119999997317791 .180000007152557 .579999983310699 .709999978542328 .579999983310699 .419999986886978 .430000007152557 .389999985694885 .25 .239999994635582 .200000002980232 .170000001788139 .129999995231628 .129999995231628 .140000000596046 7.99999982118607E-02 .209999993443489 .230000004172325 .119999997317791 .109999999403954 .100000001490116 1.99999995529652E-02 .140000000596046 -2.99999993294477E-02 0 .170000001788139 .159999996423721 5.00000007450581E-02 2.99999993294477E-02 .100000001490116 .109999999403954
.319999992847443 .330000013113022 .189999997615814 .239999994635582 .370000004768372 .479999989271164 .370000004768372 .349999994039536 .209999993443489 .28999999165535 .259999990463257 .270000010728836 .230000004172325 .189999997615814 .200000002980232 .28999999165535 .180000007152557 -9.99999977648258E-03 .140000000596046 .159999996423721 .129999995231628 .620000004768372 .850000023841858 .649999976158142 .439999997615814 .439999997615814 .439999997615814 .419999986886978 .319999992847443 .180000007152557 .180000007152557 .170000001788139 .180000007152557 .109999999403954 .150000005960464 .109999999403954 .109999999403954 .230000004172325 .200000002980232 2.99999993294477E-02 9.00000035762787E-02 7.00000002980232E-02 -2.99999993294477E-02 -9.99999977648258E-03 .140000000596046 .129999995231628 -9.99999977648258E-03 5.00000007450581E-02 9.99999977648258E-03 5.99999986588955E-02 9.00000035762787E-02
.360000014305115 .349999994039536 .379999995231628 .300000011920929 .109999999403954 .209999993443489 .360000014305115 .419999986886978 .389999985694885 .28999999165535 .259999990463257 .25 .180000007152557 .209999993443489 .25 .25 .300000011920929 .209999993443489 .180000007152557 .200000002980232 9.00000035762787E-02 .620000004768372 .759999990463257 .610000014305115 .430000007152557 .469999998807907 .449999988079071 .400000005960464 .370000004768372 .189999997615814 .200000002980232 .219999998807907 .180000007152557 .109999999403954 .100000001490116 .119999997317791 .109999999403954 .230000004172325 .189999997615814 9.00000035762787E-02 .100000001490116 0 .109999999403954 3.99999991059303E-02 3.99999991059303E-02 9.00000035762787E-02 0 7.00000002980232E-02 2.99999993294477E-02 .100000001490116 .100000001490116
.330000013113022 .360000014305115 .349999994039536 .389999985694885 .349999994039536 .180000007152557 .109999999403954 .330000013113022 .389999985694885 .389999985694885 .370000004768372 .25 .310000002384186 .310000002384186 .550000011920929 .939999997615814 1.07000005245209 .829999983310699 .569999992847443 5.99999986588955E-02 .140000000596046 1.00999999046326 .860000014305115 .600000023841858 .569999992847443 .330000013113022 .389999985694885 .389999985694885 .330000013113022 .259999990463257 .200000002980232 .209999993443489 .230000004172325 .219999998807907 5.99999986588955E-02 .119999997317791 .100000001490116 .119999997317791 .280000001192093 .319999992847443 .140000000596046 .189999997615814 5.00000007450581E-02 -1.99999995529652E-02 -2.99999993294477E-02 .119999997317791 9.99999977648258E-03 9.99999977648258E-03 7.00000002980232E-02 5.00000007450581E-02 9.00000035762787E-02
.119999997317791 .219999998807907 .370000004768372 .379999995231628 .360000014305115 .340000003576279 .330000013113022 .430000007152557 .889999985694885 .939999997615814 1.44000005722046 1.60000002384186 1.77999997138977 1.51999998092651 1.51999998092651 1.64999997615814 1.54999995231628 .740000009536743 .230000004172325 .379999995231628 .879999995231628 1.3400000333786 .639999985694885 .509999990463257 .569999992847443 .389999985694885 .389999985694885 .400000005960464 .349999994039536 .319999992847443 .170000001788139 .170000001788139 .219999998807907 .189999997615814 .109999999403954 .100000001490116 .129999995231628 .100000001490116 .319999992847443 .28999999165535 .209999993443489 .270000010728836 5.00000007450581E-02 -2.99999993294477E-02 -.119999997317791 5.99999986588955E-02 2.99999993294477E-02 1.99999995529652E-02 1.99999995529652E-02 3.99999991059303E-02 7.00000002980232E-02
.319999992847443 .239999994635582 .209999993443489 .400000005960464 .610000014305115 .769999980926514 1.12999999523163 1.35000002384186 1.42999994754791 1.91999995708466 2.08999991416931 2.41000008583069 2.82999992370605 2.45000004768372 1.66999995708466 1.19000005722046 .670000016689301 .360000014305115 .670000016689301 1.51999998092651 1.42999994754791 .709999978542328 .550000011920929 .529999971389771 .540000021457672 .529999971389771 .360000014305115 .340000003576279 .319999992847443 .310000002384186 .239999994635582 .180000007152557 .349999994039536 .490000009536743 .239999994635582 0 .140000000596046 .219999998807907 .129999995231628 .129999995231628 .170000001788139 .180000007152557 -9.99999977648258E-03 -7.00000002980232E-02 -.119999997317791 -2.99999993294477E-02 1.99999995529652E-02 -9.99999977648258E-03 9.99999977648258E-03 -1.99999995529652E-02 1.99999995529652E-02
.569999992847443 .699999988079071 .730000019073486 .959999978542328 1.60000002384186 2.01999998092651 2.44000005722046 2.25999999046326 1.91999995708466 2.13000011444092 2.23000001907349 2.09999990463257 1.9099999666214 1.35000002384186 1.1599999666214 1.38999998569489 1.08000004291534 1.02999997138977 1.6599999666214 1.10000002384186 .930000007152557 .819999992847443 .550000011920929 .560000002384186 .490000009536743 .490000009536743 .400000005960464 .340000003576279 .259999990463257 .239999994635582 .230000004172325 .219999998807907 .600000023841858 .5 .349999994039536 .159999996423721 .170000001788139 .100000001490116 2.99999993294477E-02 -.109999999403954 -1.99999995529652E-02 -9.99999977648258E-03 -7.00000002980232E-02 -.129999995231628 -.109999999403954 -.150000005960464 -9.99999977648258E-03 0 2.99999993294477E-02 0 2.99999993294477E-02
.839999973773956 .819999992847443 1.75999999046326 2.71000003814697 2.86999988555908 2.74000000953674 2.59999990463257 2.21000003814697 1.74000000953674 1.37000000476837 1.05999994277954 .779999971389771 .759999990463257 1 .980000019073486 1.17999994754791 1.54999995231628 1.41999995708466 1 1 .959999978542328 .930000007152557 .670000016689301 .519999980926514 .469999998807907 .46000000834465 .449999988079071 .319999992847443 .259999990463257 .209999993443489 .219999998807907 .150000005960464 .490000009536743 .319999992847443 .219999998807907 .129999995231628 .150000005960464 2.99999993294477E-02 -2.99999993294477E-02 -2.99999993294477E-02 -3.99999991059303E-02 -5.99999986588955E-02 -.129999995231628 -.100000001490116 -9.00000035762787E-02 -7.00000002980232E-02 9.99999977648258E-03 -2.99999993294477E-02 1.99999995529652E-02 .529999971389771 .280000001192093
1.53999996185303 1.46000003814697 2.47000002861023 2.55999994277954 2.24000000953674 1.88999998569489 1.20000004768372 .949999988079071 .730000019073486 .720000028610229 .699999988079071 .689999997615814 .670000016689301 .829999983310699 .990000009536743 .949999988079071 .970000028610229 1.00999999046326 1.08000004291534 .980000019073486 1.00999999046326 1.04999995231628 .970000028610229 .579999983310699 .509999990463257 .46000000834465 .419999986886978 .400000005960464 .25 .189999997615814 .200000002980232 .129999995231628 .219999998807907 .25 .239999994635582 .150000005960464 7.00000002980232E-02 0 -2.99999993294477E-02 -1.99999995529652E-02 -.119999997317791 -.129999995231628 -.159999996423721 -.100000001490116 -1.99999995529652E-02 -.129999995231628 1.99999995529652E-02 -1.99999995529652E-02 -9.00000035762787E-02 .349999994039536 .119999997317791
2.47000002861023 1.64999997615814 1.79999995231628 1.60000002384186 1.25999999046326 1.10000002384186 .720000028610229 .699999988079071 .730000019073486 .730000019073486 .680000007152557 .680000007152557 .639999985694885 .759999990463257 .930000007152557 .959999978542328 1.01999998092651 1.02999997138977 1.04999995231628 1 1.03999996185303 1.07000005245209 1.04999995231628 .819999992847443 .540000021457672 .46000000834465 .430000007152557 .430000007152557 .239999994635582 .189999997615814 .270000010728836 .300000011920929 .280000001192093 .259999990463257 .150000005960464 .150000005960464 7.00000002980232E-02 3.99999991059303E-02 9.99999977648258E-03 -2.99999993294477E-02 -5.99999986588955E-02 -9.00000035762787E-02 0 -1.99999995529652E-02 2.99999993294477E-02 -5.00000007450581E-02 0 -.159999996423721 -7.99999982118607E-02 2.99999993294477E-02 .230000004172325
.720000028610229 .670000016689301 .970000028610229 .920000016689301 1.05999994277954 1.11000001430511 .75 .689999997615814 .709999978542328 .699999988079071 .779999971389771 .860000014305115 .879999995231628 .889999985694885 .839999973773956 .949999988079071 1 1.05999994277954 1.07000005245209 1.02999997138977 1 1.02999997138977 1.03999996185303 1.00999999046326 .670000016689301 .490000009536743 .409999996423721 .389999985694885 .469999998807907 .46000000834465 .379999995231628 .360000014305115 .340000003576279 .46000000834465 .300000011920929 .150000005960464 2.99999993294477E-02 3.99999991059303E-02 7.00000002980232E-02 -7.00000002980232E-02 -5.99999986588955E-02 5.99999986588955E-02 5.00000007450581E-02 -2.99999993294477E-02 1.99999995529652E-02 -2.99999993294477E-02 -.140000000596046 -5.99999986588955E-02 .100000001490116 9.00000035762787E-02 0
.639999985694885 .660000026226044 .680000007152557 1.01999998092651 .970000028610229 1.26999998092651 .829999983310699 .850000023841858 .870000004768372 .920000016689301 .899999976158142 .939999997615814 .899999976158142 .879999995231628 .879999995231628 .879999995231628 .980000019073486 1.02999997138977 1.08000004291534 1.03999996185303 1.10000002384186 1.02999997138977 1.08000004291534 1.03999996185303 .970000028610229 .600000023841858 .479999989271164 .629999995231628 .930000007152557 .800000011920929 .479999989271164 .449999988079071 .649999976158142 .779999971389771 .839999973773956 5.99999986588955E-02 9.99999977648258E-03 9.00000035762787E-02 7.00000002980232E-02 -.100000001490116 5.00000007450581E-02 .180000007152557 .159999996423721 .129999995231628 7.99999982118607E-02 9.00000035762787E-02 3.99999991059303E-02 5.99999986588955E-02 5.99999986588955E-02 7.99999982118607E-02 9.00000035762787E-02
.689999997615814 .720000028610229 .720000028610229 .860000014305115 .899999976158142 .920000016689301 .920000016689301 .970000028610229 .970000028610229 .949999988079071 .899999976158142 .939999997615814 .930000007152557 .879999995231628 .899999976158142 .850000023841858 .889999985694885 1 1.08000004291534 1.07000005245209 1.08000004291534 1.05999994277954 1.12000000476837 1.1599999666214 1.03999996185303 .800000011920929 .730000019073486 .730000019073486 .959999978542328 .920000016689301 .639999985694885 .649999976158142 1.3400000333786 .699999988079071 .889999985694885 .230000004172325 .109999999403954 .129999995231628 .109999999403954 -5.99999986588955E-02 .109999999403954 .200000002980232 .340000003576279 .280000001192093 .159999996423721 9.00000035762787E-02 5.99999986588955E-02 9.00000035762787E-02 .100000001490116 9.00000035762787E-02 .109999999403954
.639999985694885 .600000023841858 .689999997615814 .680000007152557 .899999976158142 .920000016689301 .920000016689301 .949999988079071 1 1.00999999046326 .980000019073486 .949999988079071 .939999997615814 .939999997615814 .910000026226044 .870000004768372 .899999976158142 .949999988079071 1.02999997138977 1.12999999523163 1.1599999666214 1.20000004768372 1.03999996185303 1.08000004291534 .939999997615814 .839999973773956 .769999980926514 .779999971389771 .889999985694885 1.02999997138977 .899999976158142 .730000019073486 .75 .75 .829999983310699 .509999990463257 .259999990463257 .230000004172325 .140000000596046 2.99999993294477E-02 .180000007152557 .239999994635582 .349999994039536 .200000002980232 .180000007152557 .180000007152557 .150000005960464 .170000001788139 .159999996423721 .170000001788139 .150000005960464
