sobek/output sobek q50.asc
nCols        140
nRows        174
xllCorner    108250
yllCorner    537700
CellSize     25
nodata_value -9999
[rows 88 to 109 of 174, columns 0 to 50 of 140]
-9999 -9999 -9999 -9999 -9999 -9999 -9999 -9999 -9999 .939999997615814 .740000009536743 .75 .800000011920929 .620000004768372 .509999990463257 .419999986886978 .720000028610229 .509999990463257 .649999976158142 .660000026226044 .660000026226044 .419999986886978 .28999999165535 .209999993443489 .259999990463257 .28999999165535 .230000004172325 .200000002980232 .180000007152557 .200000002980232 .239999994635582 .200000002980232 .389999985694885 .610000014305115 7.99999982118607E-02 -.209999993443489 1.99999995529652E-02 2.99999993294477E-02 .150000005960464 .200000002980232 9.00000035762787E-02 -9.99999977648258E-03 .400000005960464 .389999985694885 .319999992847443 -1.07000005245209 -.769999980926514 .209999993443489 .310000002384186 .349999994039536 .360000014305115
-9999 -9999 -9999 -9999 -9999 -9999 -9999 -9999 -9999 .860000014305115 .660000026226044 .639999985694885 .800000011920929 .730000019073486 .589999973773956 .490000009536743 .519999980926514 .569999992847443 .540000021457672 .629999995231628 .610000014305115 .469999998807907 .310000002384186 .370000004768372 .300000011920929 .259999990463257 .219999998807907 .200000002980232 .180000007152557 .270000010728836 .310000002384186 .589999973773956 .779999971389771 .759999990463257 7.00000002980232E-02 .200000002980232 .239999994635582 .150000005960464 5.00000007450581E-02 .209999993443489 .219999998807907 -2.99999993294477E-02 .319999992847443 .449999988079071 .379999995231628 -.25 .100000001490116 .129999995231628 -.330000013113022 .189999997615814 .349999994039536
-9999 -9999 -9999 -9999 -9999 -9999 -9999 -9999 .579999983310699 .720000028610229 .5 .479999989271164 .409999996423721 .550000011920929 .419999986886978 .389999985694885 .430000007152557 .620000004768372 .490000009536743 .430000007152557 .46000000834465 .550000011920929 .469999998807907 .379999995231628 .310000002384186 .310000002384186 .300000011920929 .330000013113022 .340000003576279 .519999980926514 .75 .75 .579999983310699 .680000007152557 .360000014305115 .209999993443489 .209999993443489 .239999994635582 9.99999977648258E-03 .209999993443489 .209999993443489 .140000000596046 9.00000035762787E-02 .430000007152557 .400000005960464 .239999994635582 -.129999995231628 .150000005960464 1.99999995529652E-02 -.340000003576279 .360000014305115
-9999 -9999 -9999 -9999 -9999 -9999 -9999 1.25999999046326 1.30999994277954 1.12000000476837 .449999988079071 .389999985694885 .439999997615814 .400000005960464 .479999989271164 .449999988079071 .400000005960464 .479999989271164 .519999980926514 .550000011920929 .529999971389771 .589999973773956 .529999971389771 .439999997615814 .419999986886978 .449999988079071 .449999988079071 .589999973773956 .870000004768372 .860000014305115 .720000028610229 .649999976158142 .579999983310699 .550000011920929 .689999997615814 .180000007152557 .170000001788139 .209999993443489 .150000005960464 .100000001490116 -9.99999977648258E-03 1.99999995529652E-02 -3.99999991059303E-02 2.99999993294477E-02 .300000011920929 .280000001192093 .25 .239999994635582 -.550000011920929 -.509999990463257 .340000003576279
-9999 -9999 -9999 -9999 -9999 -9999 -9999 1.04999995231628 1.13999998569489 1.16999995708466 .649999976158142 .519999980926514 .529999971389771 .509999990463257 .75 .589999973773956 .610000014305115 .479999989271164 .639999985694885 .550000011920929 .579999983310699 .670000016689301 .839999973773956 .589999973773956 .649999976158142 .75 .980000019073486 .980000019073486 .870000004768372 .769999980926514 .75 .540000021457672 .529999971389771 .629999995231628 .860000014305115 .349999994039536 .180000007152557 .209999993443489 .109999999403954 0 .119999997317791 .219999998807907 2.99999993294477E-02 -9.00000035762787E-02 7.99999982118607E-02 .239999994635582 .310000002384186 .330000013113022 .259999990463257 5.99999986588955E-02 2.99999993294477E-02
-9999 -9999 -9999 -9999 -9999 -9999 -9999 1.1599999666214 1.25999999046326 1.13999998569489 1.01999998092651 .490000009536743 .550000011920929 .519999980926514 .709999978542328 1.11000001430511 .819999992847443 .790000021457672 .879999995231628 .839999973773956 1.14999997615814 1.27999997138977 1.24000000953674 .939999997615814 1.07000005245209 1.19000005722046 1.00999999046326 .829999983310699 .740000009536743 .759999990463257 .569999992847443 .400000005960464 .509999990463257 .550000011920929 .639999985694885 .639999985694885 .25 7.99999982118607E-02 3.99999991059303E-02 .200000002980232 .230000004172325 .189999997615814 9.00000035762787E-02 -5.00000007450581E-02 -.100000001490116 -9.00000035762787E-02 .180000007152557 .319999992847443 .340000003576279 .270000010728836 .280000001192093
-9999 -9999 -9999 -9999 -9999 -9999 -9999 1.13999998569489 1.29999995231628 1.23000001907349 1.13999998569489 .649999976158142 .479999989271164 .490000009536743 .589999973773956 .980000019073486 .949999988079071 .870000004768372 .829999983310699 1.00999999046326 1.36000001430511 1.29999995231628 1.33000004291534 1.37000000476837 1.29999995231628 1.1599999666214 1.01999998092651 .879999995231628 .790000021457672 .829999983310699 .800000011920929 .610000014305115 .479999989271164 .509999990463257 .629999995231628 .870000004768372 .270000010728836 .159999996423721 .259999990463257 .239999994635582 .129999995231628 9.99999977648258E-03 .159999996423721 .150000005960464 -.159999996423721 -.159999996423721 -.109999999403954 7.99999982118607E-02 .180000007152557 .300000011920929 .319999992847443
-9999 -9999 -9999 -9999 -9999 -9999 1.12000000476837 1.27999997138977 1.29999995231628 1.25 1.21000003814697 1 .509999990463257 .5 .699999988079071 .819999992847443 .819999992847443 .860000014305115 1.02999997138977 1.22000002861023 1.24000000953674 1.3400000333786 1.25999999046326 1.4099999666214 1.29999995231628 1.17999994754791 1.0900000333786 1.00999999046326 .790000021457672 .670000016689301 .860000014305115 .720000028610229 .540000021457672 .589999973773956 .639999985694885 .769999980926514 .550000011920929 .150000005960464 .109999999403954 .100000001490116 9.00000035762787E-02 .230000004172325 .280000001192093 .270000010728836 -5.99999986588955E-02 -.25 -.219999998807907 -5.00000007450581E-02 -5.00000007450581E-02 2.99999993294477E-02 5.00000007450581E-02
-9999 -9999 -9999 -9999 -9999 -9999 1.11000001430511 1.32000005245209 1.26999998092651 1.19000005722046 1.22000002861023 1.21000003814697 .649999976158142 .829999983310699 .699999988079071 .740000009536743 .889999985694885 .980000019073486 1.14999997615814 1.28999996185303 1.32000005245209 1.23000001907349 1.17999994754791 1.23000001907349 1.30999994277954 1.27999997138977 1.1599999666214 1.11000001430511 .980000019073486 1.07000005245209 .899999976158142 .779999971389771 .75 .75 .779999971389771 .759999990463257 .629999995231628 .449999988079071 .280000001192093 .300000011920929 .209999993443489 .200000002980232 .140000000596046 .140000000596046 -3.99999991059303E-02 -.270000010728836 -.310000002384186 -.129999995231628 -.109999999403954 5.00000007450581E-02 .629999995231628
-9999 -9999 -9999 -9999 -9999 -9999 1.04999995231628 1.38999998569489 1.30999994277954 1.19000005722046 1.0900000333786 1.19000005722046 1.01999998092651 .649999976158142 .689999997615814 .730000019073486 .839999973773956 1.10000002384186 1.21000003814697 1.24000000953674 1.32000005245209 1.26999998092651 1.17999994754791 1.23000001907349 1.25999999046326 1.35000002384186 1.1599999666214 1.13999998569489 1.23000001907349 1.21000003814697 1.08000004291534 .930000007152557 .769999980926514 .790000021457672 .790000021457672 .910000026226044 .769999980926514 .769999980926514 .5 .330000013113022 .259999990463257 7.99999982118607E-02 .100000001490116 9.00000035762787E-02 1.99999995529652E-02 -.270000010728836 -.509999990463257 -.25 -9.99999977648258E-03 7.00000002980232E-02 7.99999982118607E-02
-9999 -9999 -9999 -9999 -9999 -9999 1.25 1.26999998092651 1.30999994277954 1.28999996185303 1.30999994277954 1.12999999523163 1.14999997615814 .680000007152557 .839999973773956 .939999997615814 1.08000004291534 1.04999995231628 1.1599999666214 1.0900000333786 1.11000001430511 1.26999998092651 1.29999995231628 1.33000004291534 1.29999995231628 1.1599999666214 1.19000005722046 1.26999998092651 1.25 1.33000004291534 1.38999998569489 1.3400000333786 1.04999995231628 .930000007152557 .930000007152557 .839999973773956 .759999990463257 .699999988079071 .430000007152557 .610000014305115 .46000000834465 .28999999165535 .170000001788139 .150000005960464 5.99999986588955E-02 -.140000000596046 -.5 -.419999986886978 -1.99999995529652E-02 -5.99999986588955E-02 -9.00000035762787E-02
-9999 -9999 -9999 -9999 -9999 1.27999997138977 1.33000004291534 1.41999995708466 1.37000000476837 1.21000003814697 1.00999999046326 1.29999995231628 1.13999998569489 .930000007152557 1.05999994277954 .990000009536743 .930000007152557 .980000019073486 .930000007152557 1.27999997138977 1.10000002384186 .949999988079071 1.19000005722046 1.02999997138977 1.20000004768372 1.32000005245209 1.19000005722046 1.22000002861023 1.52999997138977 1.5 1.25999999046326 1.30999994277954 1.47000002861023 1.60000002384186 1.0900000333786 .899999976158142 .810000002384186 .740000009536743 .75 .589999973773956 .430000007152557 .319999992847443 .25 .170000001788139 5.00000007450581E-02 -5.00000007450581E-02 -.379999995231628 -.509999990463257 -.259999990463257 -.189999997615814 -2.99999993294477E-02
-9999 -9999 -9999 -9999 -9999 1.57000005245209 1.17999994754791 1.16999995708466 1.24000000953674 1.0900000333786 .829999983310699 .959999978542328 1.04999995231628 .949999988079071 .930000007152557 .850000023841858 .920000016689301 1.04999995231628 .939999997615814 1.02999997138977 1.21000003814697 1.07000005245209 1.17999994754791 1.23000001907349 1.37999999523163 1.39999997615814 1.3400000333786 1.46000003814697 1.49000000953674 1.25999999046326 1.19000005722046 1.32000005245209 1.62999999523163 1.70000004768372 1.10000002384186 .829999983310699 .709999978542328 .740000009536743 .709999978542328 .509999990463257 .430000007152557 .280000001192093 .230000004172325 .159999996423721 .109999999403954 5.99999986588955E-02 -.239999994635582 -.25 -.239999994635582 -.200000002980232 -.280000001192093
-9999 -9999 -9999 -9999 -9999 -9999 1.08000004291534 1.22000002861023 1.29999995231628 1.1599999666214 .930000007152557 .870000004768372 .889999985694885 1.03999996185303 .870000004768372 .930000007152557 1.00999999046326 1 1.02999997138977 .899999976158142 1.1599999666214 1.45000004768372 1.22000002861023 1.35000002384186 1.36000001430511 1.5 1.54999995231628 1.44000005722046 1.35000002384186 1.26999998092651 1.25 1.24000000953674 1.23000001907349 1.23000001907349 .899999976158142 .810000002384186 .759999990463257 .689999997615814 .579999983310699 .779999971389771 .319999992847443 .259999990463257 .219999998807907 9.00000035762787E-02 .159999996423721 .129999995231628 .170000001788139 -.280000001192093 -.150000005960464 -.25 -.150000005960464
-9999 -9999 -9999 -9999 -9999 -9999 1.16999995708466 1.27999997138977 1.26999998092651 1.12999999523163 .959999978542328 .850000023841858 1.23000001907349 1.30999994277954 .810000002384186 1.03999996185303 .980000019073486 1.14999997615814 1 .959999978542328 1.02999997138977 1.48000001907349 1.25 1.32000005245209 1.52999997138977 1.53999996185303 1.39999997615814 1.47000002861023 1.39999997615814 1.23000001907349 1.27999997138977 1.26999998092651 1.29999995231628 1.00999999046326 1.28999996185303 .790000021457672 .939999997615814 .949999988079071 .990000009536743 .850000023841858 .330000013113022 .209999993443489 .200000002980232 .159999996423721 .330000013113022 .25 -.180000007152557 -.540000021457672 -.349999994039536 -.430000007152557 -.189999997615814
-9999 -9999 -9999 -9999 -9999 -9999 -9999 1.5 -9999 -9999 1.01999998092651 .879999995231628 .870000004768372 .910000026226044 .879999995231628 .939999997615814 1.02999997138977 1.04999995231628 1.08000004291534 1.04999995231628 .990000009536743 1.21000003814697 1.62000000476837 1.30999994277954 1.42999994754791 1.32000005245209 1.41999995708466 1.41999995708466 1.19000005722046 1.26999998092651 1.21000003814697 1.21000003814697 1.21000003814697 1.27999997138977 1.37999999523163 1.41999995708466 1.4099999666214 1.54999995231628 1.49000000953674 .889999985694885 .629999995231628 .209999993443489 .310000002384186 .759999990463257 .579999983310699 .310000002384186 -.400000005960464 -.579999983310699 -.439999997615814 -.389999985694885 -.469999998807907
-9999 -9999 -9999 -9999 -9999 -9999 -9999 -9999 -9999 -9999 1.0900000333786 .860000014305115 .680000007152557 .680000007152557 .829999983310699 .990000009536743 1.17999994754791 1.07000005245209 1.12999999523163 .980000019073486 1 1.02999997138977 1.25 1.24000000953674 1.37000000476837 1.4099999666214 1.26999998092651 1.30999994277954 1.23000001907349 1.33000004291534 1.1599999666214 1.32000005245209 1.52999997138977 1.88999998569489 2.15000009536743 2.19000005722046 2.50999999046326 1.88999998569489 1.48000001907349 .980000019073486 .939999997615814 .810000002384186 .759999990463257 .930000007152557 .699999988079071 .430000007152557 -.330000013113022 -.569999992847443 -.5 -.400000005960464 -.509999990463257
-9999 -9999 -9999 -9999 -9999 -9999 -9999 -9999 -9999 -9999 -9999 1.00999999046326 .560000002384186 .600000023841858 .829999983310699 1.00999999046326 .889999985694885 1.11000001430511 1.00999999046326 1.00999999046326 .949999988079071 .920000016689301 .850000023841858 1.27999997138977 1.13999998569489 1.22000002861023 1.25 1.32000005245209 1.4099999666214 1.50999999046326 1.64999997615814 2.09999990463257 2 2.34999990463257 2.75999999046326 2.61999988555908 1.97000002861023 1.72000002861023 1.35000002384186 1.54999995231628 1.37000000476837 1.44000005722046 1.11000001430511 .819999992847443 1 .800000011920929 -.180000007152557 -.540000021457672 -.5 -.389999985694885 -.5
-9999 -9999 -9999 -9999 -9999 -9999 -9999 -9999 -9999 -9999 -9999 .889999985694885 .709999978542328 .790000021457672 .850000023841858 1.07000005245209 .959999978542328 1.05999994277954 1.05999994277954 .949999988079071 .850000023841858 .839999973773956 .870000004768372 1.10000002384186 1.25 1.29999995231628 1.45000004768372 1.49000000953674 1.67999994754791 2.5699999332428 1.85000002384186 2.27999997138977 1.62999999523163 2.33999991416931 1.96000003814697 1.83000004291534 2.19000005722046 2.07999992370605 1.86000001430511 1.5900000333786 1.46000003814697 1.37000000476837 1.16999995708466 1.01999998092651 1 .959999978542328 .280000001192093 -.519999980926514 -.509999990463257 -.379999995231628 -.490000009536743
-9999 -9999 -9999 -9999 -9999 -9999 -9999 -9999 -9999 -9999 -9999 -9999 .839999973773956 .740000009536743 .769999980926514 .930000007152557 .939999997615814 .970000028610229 1.1599999666214 .889999985694885 .839999973773956 .889999985694885 .899999976158142 .879999995231628 1.25999999046326 1.55999994277954 1.35000002384186 2.23000001907349 2.70000004768372 2.91000008583069 1.94000005722046 2.09999990463257 1.85000002384186 1.95000004768372 2.22000002861023 2.25999999046326 2.13000011444092 2.09999990463257 .980000019073486 .720000028610229 1.17999994754791 1.27999997138977 1.13999998569489 1.62000000476837 1.19000005722046 1.54999995231628 .639999985694885 -.400000005960464 -.579999983310699 -.46000000834465 -.419999986886978
-9999 -9999 -9999 -9999 -9999 -9999 -9999 -9999 -9999 -9999 -9999 -9999 .740000009536743 .930000007152557 .740000009536743 .740000009536743 .800000011920929 .899999976158142 .740000009536743 .990000009536743 .889999985694885 .870000004768372 .860000014305115 .939999997615814 1.85000002384186 2.21000003814697 1.79999995231628 2.03999996185303 1.83000004291534 1.75999999046326 1.86000001430511 2.05999994277954 2.4300000667572 2.39000010490417 2.04999995231628 1.87999999523163 1.45000004768372 .46000000834465 .540000021457672 .5 1.42999994754791 1.29999995231628 1.16999995708466 1.12999999523163 1.25 .740000009536743 .660000026226044 -1.99999995529652E-02 -.589999973773956 -.129999995231628 -.400000005960464
-9999 -9999 -9999 -9999 -9999 -9999 -9999 -9999 -9999 -9999 -9999 -9999 -9999 .829999983310699 .740000009536743 .860000014305115 1.01999998092651 .920000016689301 .939999997615814 .800000011920929 .930000007152557 .899999976158142 1.20000004768372 1.76999998092651 1.96000003814697 2.20000004768372 1.75 1.62999999523163 1.71000003814697 1.87000000476837 2.27999997138977 2.14000010490417 2.05999994277954 1.97000002861023 1.60000002384186 1.10000002384186 .479999989271164 .649999976158142 .589999973773956 .569999992847443 .790000021457672 .980000019073486 1.20000004768372 1.32000005245209 .930000007152557 .709999978542328 .839999973773956 .409999996423721 -.46000000834465 -.400000005960464 -2.99999993294477E-02
