sobek/output sobek q50.asc
nCols        140
nRows        174
xllCorner    108250
yllCorner    537700
CellSize     25
nodata_value -9999
[rows 88 to 109 of 174, columns 51 to 101 of 140]
.379999995231628 .330000013113022 .519999980926514 .600000023841858 .560000002384186 .469999998807907 .870000004768372 .469999998807907 .529999971389771 .610000014305115 .529999971389771 .649999976158142 .699999988079071 .759999990463257 .850000023841858 .800000011920929 .839999973773956 .769999980926514 .779999971389771 .600000023841858 .569999992847443 .400000005960464 .740000009536743 .720000028610229 .720000028610229 .46000000834465 9.00000035762787E-02 .119999997317791 .219999998807907 .150000005960464 .189999997615814 .119999997317791 .129999995231628 .129999995231628 .119999997317791 .119999997317791 .170000001788139 .200000002980232 .180000007152557 .150000005960464 .230000004172325 .119999997317791 -9.99999977648258E-03 2.99999993294477E-02 1.99999995529652E-02 9.00000035762787E-02 7.00000002980232E-02 1.99999995529652E-02 5.99999986588955E-02 .100000001490116 7.00000002980232E-02
.379999995231628 .310000002384186 .5 .709999978542328 .560000002384186 .689999997615814 .75 .589999973773956 .589999973773956 .740000009536743 .620000004768372 .920000016689301 1.88999998569489 1.44000005722046 1.35000002384186 1 .889999985694885 .769999980926514 .680000007152557 .769999980926514 .600000023841858 .449999988079071 .469999998807907 .370000004768372 .810000002384186 .119999997317791 -5.00000007450581E-02 -7.00000002980232E-02 -5.00000007450581E-02 .219999998807907 .180000007152557 .119999997317791 .170000001788139 .100000001490116 .109999999403954 .170000001788139 .180000007152557 .159999996423721 9.00000035762787E-02 7.99999982118607E-02 .100000001490116 5.00000007450581E-02 -2.99999993294477E-02 9.99999977648258E-03 0 -5.00000007450581E-02 1.99999995529652E-02 -.100000001490116 9.99999977648258E-03 .159999996423721 9.00000035762787E-02
.259999990463257 .409999996423721 .389999985694885 .560000002384186 .490000009536743 .519999980926514 .540000021457672 .550000011920929 .540000021457672 .5 1.41999995708466 1.66999995708466 2.0699999332428 1.94000005722046 2.48000001907349 3.49000000953674 1.72000002861023 .769999980926514 1.11000001430511 1.1599999666214 .740000009536743 .46000000834465 .189999997615814 .189999997615814 .439999997615814 0 9.99999977648258E-03 -7.99999982118607E-02 3.99999991059303E-02 -2.99999993294477E-02 .119999997317791 .119999997317791 .109999999403954 .129999995231628 .140000000596046 .170000001788139 .189999997615814 7.99999982118607E-02 5.99999986588955E-02 -1.99999995529652E-02 3.99999991059303E-02 9.00000035762787E-02 -9.99999977648258E-03 0 1.99999995529652E-02 -3.99999991059303E-02 -.119999997317791 9.99999977648258E-03 -9.99999977648258E-03 7.00000002980232E-02 .109999999403954
.219999998807907 .230000004172325 .330000013113022 .639999985694885 .639999985694885 .569999992847443 .5 .589999973773956 .610000014305115 .5 1.87999999523163 1.74000000953674 1.53999996185303 2.25 2.98000001907349 3.03999996185303 2.32999992370605 1.55999994277954 1.51999998092651 1.42999994754791 .870000004768372 .28999999165535 .209999993443489 .209999993443489 .219999998807907 3.99999991059303E-02 0 .109999999403954 9.00000035762787E-02 -3.99999991059303E-02 9.99999977648258E-03 9.00000035762787E-02 .129999995231628 .129999995231628 .180000007152557 .180000007152557 .100000001490116 7.00000002980232E-02 .100000001490116 5.00000007450581E-02 5.00000007450581E-02 5.99999986588955E-02 1.99999995529652E-02 1.99999995529652E-02 0 -3.99999991059303E-02 2.99999993294477E-02 0 -9.99999977648258E-03 2.99999993294477E-02 2.99999993294477E-02
.100000001490116 .219999998807907 .310000002384186 .779999971389771 .540000021457672 .509999990463257 .5 .649999976158142 .610000014305115 .629999995231628 1.22000002861023 1.52999997138977 1.49000000953674 2.35999989509583 3.11999988555908 2.51999998092651 2.96000003814697 1.79999995231628 1.33000004291534 1.26999998092651 1.22000002861023 .649999976158142 .219999998807907 .209999993443489 .230000004172325 .239999994635582 -9.99999977648258E-03 9.99999977648258E-03 5.00000007450581E-02 9.00000035762787E-02 9.99999977648258E-03 -9.99999977648258E-03 .159999996423721 .189999997615814 .200000002980232 .109999999403954 -1.99999995529652E-02 9.00000035762787E-02 .109999999403954 .129999995231628 9.00000035762787E-02 5.00000007450581E-02 0 0 1.99999995529652E-02 .129999995231628 .140000000596046 5.00000007450581E-02 -9.99999977648258E-03 2.99999993294477E-02 2.99999993294477E-02
.270000010728836 .180000007152557 .239999994635582 .360000014305115 .689999997615814 .579999983310699 .469999998807907 .519999980926514 .769999980926514 .829999983310699 1.60000002384186 1.66999995708466 1.82000005245209 2.4300000667572 2.67000007629395 2.94000005722046 3.27999997138977 2.01999998092651 1.67999994754791 1.30999994277954 1.75999999046326 1.29999995231628 .600000023841858 .230000004172325 .209999993443489 .219999998807907 .200000002980232 -2.99999993294477E-02 2.99999993294477E-02 7.00000002980232E-02 7.99999982118607E-02 -7.00000002980232E-02 .109999999403954 .230000004172325 .119999997317791 5.00000007450581E-02 9.99999977648258E-03 0 .100000001490116 .119999997317791 .109999999403954 .140000000596046 1.99999995529652E-02 -5.99999986588955E-02 .180000007152557 .159999996423721 .129999995231628 .140000000596046 5.00000007450581E-02 1.99999995529652E-02 7.99999982118607E-02
.209999993443489 5.00000007450581E-02 7.00000002980232E-02 2.99999993294477E-02 .5 .490000009536743 .730000019073486 .740000009536743 .540000021457672 1.47000002861023 1.85000002384186 1.87999999523163 2.1800000667572 2.6800000667572 2.10999989509583 2.53999996185303 3.75 2 1.73000001907349 1.12000000476837 1.5 1.75 1.29999995231628 .449999988079071 .200000002980232 .25 .209999993443489 .200000002980232 -9.00000035762787E-02 7.99999982118607E-02 .100000001490116 7.99999982118607E-02 .119999997317791 .25 5.00000007450581E-02 2.99999993294477E-02 .100000001490116 3.99999991059303E-02 -9.99999977648258E-03 7.00000002980232E-02 .140000000596046 .170000001788139 .109999999403954 9.99999977648258E-03 7.00000002980232E-02 .180000007152557 .140000000596046 .150000005960464 .140000000596046 0 .170000001788139
.170000001788139 .469999998807907 .860000014305115 .509999990463257 .400000005960464 .870000004768372 .639999985694885 .810000002384186 .769999980926514 1.19000005722046 1.64999997615814 1.87000000476837 2.74000000953674 2.79999995231628 1.88999998569489 1.9099999666214 2.32999992370605 1.94000005722046 1.92999994754791 1.22000002861023 1.50999999046326 1.71000003814697 1.20000004768372 .449999988079071 .119999997317791 .189999997615814 .280000001192093 .209999993443489 .170000001788139 -.119999997317791 7.00000002980232E-02 -.230000004172325 3.99999991059303E-02 .109999999403954 3.99999991059303E-02 5.99999986588955E-02 1.99999995529652E-02 7.99999982118607E-02 5.00000007450581E-02 0 .100000001490116 .140000000596046 .129999995231628 7.00000002980232E-02 5.99999986588955E-02 5.99999986588955E-02 .150000005960464 .129999995231628 .119999997317791 .680000007152557 2.36999988555908
.649999976158142 1 .899999976158142 .839999973773956 9.00000035762787E-02 .730000019073486 .589999973773956 .990000009536743 1.4099999666214 1.83000004291534 1.91999995708466 2.27999997138977 2.47000002861023 2.20000004768372 1.87999999523163 1.97000002861023 2.10999989509583 1.71000003814697 1.80999994277954 1.53999996185303 1.60000002384186 .850000023841858 .330000013113022 .219999998807907 .119999997317791 .189999997615814 .25 .230000004172325 .209999993443489 .189999997615814 .100000001490116 1.99999995529652E-02 .100000001490116 .119999997317791 .140000000596046 5.00000007450581E-02 3.99999991059303E-02 3.99999991059303E-02 .100000001490116 7.00000002980232E-02 -9.99999977648258E-03 .140000000596046 .140000000596046 .109999999403954 .129999995231628 5.99999986588955E-02 2.99999993294477E-02 .150000005960464 1.23000001907349 3.22000002861023 -9999
.259999990463257 .280000001192093 -.100000001490116 -1.99999995529652E-02 .300000011920929 .970000028610229 1.87999999523163 2.33999991416931 2.1800000667572 2.29999995231628 1.8400000333786 2.46000003814697 2.29999995231628 1.75 1.72000002861023 1.74000000953674 1.91999995708466 2.03999996185303 1.55999994277954 1.66999995708466 1.12000000476837 .610000014305115 .270000010728836 .230000004172325 .230000004172325 9.00000035762787E-02 .180000007152557 .230000004172325 .230000004172325 .200000002980232 .109999999403954 5.00000007450581E-02 .100000001490116 .119999997317791 .159999996423721 9.00000035762787E-02 5.99999986588955E-02 5.00000007450581E-02 7.00000002980232E-02 9.00000035762787E-02 7.00000002980232E-02 5.00000007450581E-02 .129999995231628 .119999997317791 .109999999403954 .119999997317791 .100000001490116 1.26999998092651 3.34999990463257 -9999 -9999
-.200000002980232 -3.99999991059303E-02 .28999999165535 .75 .819999992847443 1.35000002384186 1.92999994754791 2.21000003814697 1.80999994277954 1.46000003814697 1.50999999046326 1.71000003814697 1.80999994277954 1.8400000333786 1.6599999666214 1.75 2.05999994277954 2.08999991416931 1.44000005722046 .850000023841858 .569999992847443 .509999990463257 .300000011920929 .219999998807907 .209999993443489 .150000005960464 7.99999982118607E-02 .159999996423721 .189999997615814 5.99999986588955E-02 7.00000002980232E-02 5.99999986588955E-02 -9.99999977648258E-03 5.99999986588955E-02 7.99999982118607E-02 .100000001490116 5.00000007450581E-02 9.99999977648258E-03 9.99999977648258E-03 -9.99999977648258E-03 5.00000007450581E-02 2.99999993294477E-02 -2.99999993294477E-02 9.00000035762787E-02 .119999997317791 .129999995231628 1.12999999523163 3.32999992370605 -9999 -9999 -9999
.340000003576279 .340000003576279 .409999996423721 .620000004768372 1.14999997615814 1.57000005245209 1.63999998569489 1.88999998569489 2.33999991416931 1.87000000476837 1.67999994754791 1.53999996185303 1.39999997615814 1.61000001430511 1.70000004768372 1.8400000333786 1.75 1.37000000476837 1.10000002384186 .579999983310699 .509999990463257 .46000000834465 .389999985694885 .219999998807907 .200000002980232 .129999995231628 .140000000596046 9.99999977648258E-03 7.00000002980232E-02 7.00000002980232E-02 .150000005960464 .159999996423721 1.99999995529652E-02 9.99999977648258E-03 3.99999991059303E-02 1.99999995529652E-02 3.99999991059303E-02 2.99999993294477E-02 0 -1.99999995529652E-02 0 1.99999995529652E-02 0 -5.00000007450581E-02 1.99999995529652E-02 .980000019073486 3.28999996185303 -9999 -9999 -9999 -9999
.129999995231628 2.99999993294477E-02 .509999990463257 .899999976158142 1.45000004768372 1.88999998569489 1.67999994754791 1.47000002861023 1.79999995231628 2.55999994277954 2.08999991416931 1.86000001430511 1.48000001907349 1.37000000476837 1.55999994277954 1.27999997138977 1.23000001907349 1.22000002861023 1.10000002384186 .560000002384186 .509999990463257 .469999998807907 .409999996423721 .319999992847443 .159999996423721 .170000001788139 .129999995231628 .129999995231628 -7.00000002980232E-02 .140000000596046 .119999997317791 .170000001788139 .140000000596046 -9.99999977648258E-03 2.99999993294477E-02 1.99999995529652E-02 5.99999986588955E-02 9.00000035762787E-02 -5.00000007450581E-02 -3.99999991059303E-02 9.99999977648258E-03 .170000001788139 0 -3.99999991059303E-02 .740000009536743 3.23000001907349 -9999 -9999 -9999 -9999 -9999
-.259999990463257 -5.00000007450581E-02 .680000007152557 .970000028610229 1.21000003814697 1.28999996185303 1.60000002384186 1.62999999523163 1.6599999666214 1.69000005722046 1.99000000953674 2.07999992370605 1.95000004768372 1.42999994754791 .910000026226044 .990000009536743 1.07000005245209 1.05999994277954 .990000009536743 .550000011920929 .479999989271164 .439999997615814 .409999996423721 .379999995231628 .219999998807907 .159999996423721 .180000007152557 .170000001788139 .109999999403954 2.99999993294477E-02 .140000000596046 .129999995231628 .170000001788139 .119999997317791 5.00000007450581E-02 1.99999995529652E-02 1.99999995529652E-02 0 9.99999977648258E-03 -2.99999993294477E-02 5.99999986588955E-02 .270000010728836 -7.00000002980232E-02 .490000009536743 2.95000004768372 -9999 -9999 -9999 -9999 -9999 -9999
-.25 9.00000035762787E-02 .660000026226044 1.04999995231628 1 1.28999996185303 1.36000001430511 1.30999994277954 1.45000004768372 1.61000001430511 1.62999999523163 1.75999999046326 1.3400000333786 .790000021457672 .889999985694885 .850000023841858 1.02999997138977 .709999978542328 .680000007152557 .730000019073486 .479999989271164 .479999989271164 .5 .469999998807907 .409999996423721 .159999996423721 .200000002980232 .140000000596046 .129999995231628 .129999995231628 5.99999986588955E-02 .119999997317791 .170000001788139 .140000000596046 9.00000035762787E-02 0 0 9.99999977648258E-03 -2.99999993294477E-02 -9.99999977648258E-03 .119999997317791 9.00000035762787E-02 .310000002384186 2.39000010490417 -9999 -9999 -9999 -9999 -9999 -9999 -9999
-.140000000596046 .150000005960464 .5 .990000009536743 .939999997615814 .980000019073486 1.05999994277954 1.03999996185303 1.20000004768372 1.22000002861023 1.14999997615814 .889999985694885 .810000002384186 .709999978542328 .709999978542328 .670000016689301 .769999980926514 .740000009536743 .629999995231628 .860000014305115 .569999992847443 .540000021457672 .540000021457672 .479999989271164 .419999986886978 .280000001192093 .159999996423721 .140000000596046 .159999996423721 .170000001788139 7.99999982118607E-02 5.00000007450581E-02 .200000002980232 .129999995231628 .150000005960464 .129999995231628 -5.99999986588955E-02 0 0 -9.99999977648258E-03 -9.99999977648258E-03 -7.00000002980232E-02 1.49000000953674 3.00999999046326 -9999 -9999 -9999 -9999 -9999 -9999 -9999
-.109999999403954 -1.99999995529652E-02 .310000002384186 .720000028610229 .949999988079071 .829999983310699 .829999983310699 .939999997615814 1.05999994277954 1.12999999523163 .930000007152557 .720000028610229 .850000023841858 .699999988079071 .560000002384186 .730000019073486 .740000009536743 .689999997615814 .670000016689301 .930000007152557 .620000004768372 .540000021457672 .449999988079071 .389999985694885 .379999995231628 .340000003576279 .170000001788139 .180000007152557 .129999995231628 .140000000596046 .129999995231628 3.99999991059303E-02 3.99999991059303E-02 .100000001490116 .119999997317791 .119999997317791 5.00000007450581E-02 -3.99999991059303E-02 -5.00000007450581E-02 -2.99999993294477E-02 -.129999995231628 .759999990463257 3.26999998092651 -9999 -9999 -9999 -9999 -9999 -9999 -9999 -9999
-.259999990463257 -7.00000002980232E-02 .230000004172325 .670000016689301 .730000019073486 .829999983310699 .930000007152557 .600000023841858 .689999997615814 .810000002384186 .779999971389771 .579999983310699 .490000009536743 .800000011920929 .889999985694885 .699999988079071 .870000004768372 .879999995231628 .560000002384186 .75 .490000009536743 .370000004768372 .310000002384186 .310000002384186 .310000002384186 .319999992847443 .300000011920929 .159999996423721 .140000000596046 .109999999403954 9.00000035762787E-02 .150000005960464 2.99999993294477E-02 7.99999982118607E-02 .100000001490116 .109999999403954 .119999997317791 3.99999991059303E-02 -2.99999993294477E-02 -3.99999991059303E-02 .25 2.75999999046326 -9999 -9999 -9999 -9999 -9999 -9999 -9999 -9999 -9999
-.509999990463257 -.25 .259999990463257 .790000021457672 .759999990463257 .779999971389771 .850000023841858 .860000014305115 .720000028610229 .75 .740000009536743 .569999992847443 .699999988079071 .689999997615814 .610000014305115 .680000007152557 .720000028610229 .589999973773956 .550000011920929 .730000019073486 .340000003576279 .259999990463257 .300000011920929 .319999992847443 .340000003576279 .319999992847443 .340000003576279 .219999998807907 .109999999403954 .140000000596046 7.99999982118607E-02 5.00000007450581E-02 7.00000002980232E-02 0 1.99999995529652E-02 7.99999982118607E-02 9.00000035762787E-02 5.99999986588955E-02 -5.99999986588955E-02 1.99999995529652E-02 1.91999995708466 -9999 -9999 -9999 -9999 -9999 -9999 -9999 -9999 -9999 -9999
-.5 -.370000004768372 .119999997317791 .779999971389771 .980000019073486 .790000021457672 .680000007152557 .769999980926514 .829999983310699 .829999983310699 .870000004768372 .5 .540000021457672 .600000023841858 .639999985694885 .589999973773956 .560000002384186 .439999997615814 .439999997615814 .75 .330000013113022 .25 .270000010728836 .330000013113022 .340000003576279 .340000003576279 .379999995231628 .259999990463257 7.99999982118607E-02 .100000001490116 3.99999991059303E-02 1.99999995529652E-02 3.99999991059303E-02 5.00000007450581E-02 9.99999977648258E-03 .100000001490116 7.00000002980232E-02 .109999999403954 -9.00000035762787E-02 .959999978542328 3.19000005722046 -9999 -9999 -9999 -9999 -9999 -9999 -9999 -9999 -9999 -9999
-.519999980926514 -.519999980926514 -.150000005960464 .389999985694885 .75 .509999990463257 .569999992847443 .689999997615814 .75 .720000028610229 .740000009536743 .569999992847443 .409999996423721 .490000009536743 .439999997615814 .680000007152557 .600000023841858 .439999997615814 .419999986886978 .600000023841858 .389999985694885 .230000004172325 .230000004172325 .330000013113022 .389999985694885 .25 .189999997615814 .100000001490116 9.00000035762787E-02 1.99999995529652E-02 5.99999986588955E-02 .100000001490116 5.00000007450581E-02 7.00000002980232E-02 5.00000007450581E-02 2.99999993294477E-02 7.00000002980232E-02 -7.99999982118607E-02 .349999994039536 2.91000008583069 -9999 -9999 -9999 -9999 -9999 -9999 -9999 -9999 -9999 -9999 -9999
-.439999997615814 -.600000023841858 -.509999990463257 3.99999991059303E-02 .389999985694885 .540000021457672 .730000019073486 .730000019073486 .469999998807907 .730000019073486 .75 .529999971389771 .529999971389771 .5 .620000004768372 .579999983310699 .629999995231628 .490000009536743 .490000009536743 .409999996423721 .610000014305115 .25 .270000010728836 .170000001788139 .100000001490116 .140000000596046 .189999997615814 .180000007152557 .129999995231628 .119999997317791 7.00000002980232E-02 9.00000035762787E-02 7.99999982118607E-02 5.00000007450581E-02 5.00000007450581E-02 3.99999991059303E-02 -2.99999993294477E-02 -2.99999993294477E-02 2.08999991416931 -9999 -9999 -9999 -9999 -9999 -9999 -9999 -9999 -9999 -9999 -9999 -9999
