sobek/output sobek maximum depth q50.asc
nCols        140
nRows        174
xllCorner    108250
yllCorner    537700
CellSize     25
nodata_value -999.999
[rows 125 to 149 of 174, columns 0 to 55 of 140]
-999.9990234375 -999.9990234375 -999.9990234375 -999.9990234375 -999.9990234375 -999.9990234375 -999.9990234375 -999.9990234375 -999.9990234375 -999.9990234375 -999.9990234375 -999.9990234375 -999.9990234375 -999.9990234375 -999.9990234375 -999.9990234375 -999.9990234375 -999.9990234375 -999.9990234375 -999.9990234375 0 0 0 0 0 0 0 0 0 0 0 0 0 0 1.26000000163913E-02 7.19999969005585E-02 6.28999993205071E-02 0 0 0 .196400001645088 .206400007009506 .146300002932549 9.61999967694283E-02 9.61999967694283E-02 8.60999971628189E-02 .126000002026558 .145999997854233 .156000003218651 .145999997854233 .156000003218651 8.60000029206276E-02 7.59999975562096E-02 5.60000017285347E-02 0 7.999999797903E-04
-999.9990234375 -999.9990234375 -999.9990234375 -999.9990234375 -999.9990234375 -999.9990234375 -999.9990234375 -999.9990234375 -999.9990234375 -999.9990234375 -999.9990234375 -999.9990234375 -999.9990234375 -999.9990234375 -999.9990234375 -999.9990234375 -999.9990234375 -999.9990234375 0 0 0 0 0 0 0 0 0 0 0 0 0 0 0 0 0 0 .106600001454353 2.65999995172024E-02 4.65000011026859E-02 .27649998664856 .246500000357628 7.63999968767166E-02 8.63000005483627E-02 8.61999988555908E-02 8.61999988555908E-02 7.60999992489815E-02 .046000000089407 .126000002026558 .105999998748302 .105999998748302 .126000002026558 .126000002026558 7.59999975562096E-02 .046000000089407 0 0
-999.9990234375 -999.9990234375 -999.9990234375 -999.9990234375 -999.9990234375 -999.9990234375 -999.9990234375 -999.9990234375 -999.9990234375 -999.9990234375 -999.9990234375 -999.9990234375 -999.9990234375 -999.9990234375 -999.9990234375 -999.9990234375 -999.9990234375 0 0 0 0 0 0 0 0 0 0 0 0 0 0 0 0 0 0 0 9.66000035405159E-02 .136600002646446 .136600002646446 7.64999985694885E-02 .096500001847744 .096500001847744 2.63999998569489E-02 0 0 0 0 0 0 0 7.59999975562096E-02 .156000003218651 8.60000029206276E-02 3.59999984502792E-02 0 0
-999.9990234375 -999.9990234375 -999.9990234375 -999.9990234375 -999.9990234375 -999.9990234375 -999.9990234375 -999.9990234375 -999.9990234375 -999.9990234375 -999.9990234375 -999.9990234375 -999.9990234375 -999.9990234375 -999.9990234375 0 0 0 0 0 0 0 0 0 0 0 0 0 0 0 0 0 0 0 0 0 .186599999666214 9.66000035405159E-02 7.66000002622604E-02 .106600001454353 .096500001847744 .106499999761581 0 0 0 0 0 0 0 0 0 0 .11599999666214 1.60000007599592E-02 0 0
-999.9990234375 -999.9990234375 -999.9990234375 -999.9990234375 -999.9990234375 -999.9990234375 -999.9990234375 -999.9990234375 -999.9990234375 -999.9990234375 -999.9990234375 -999.9990234375 -999.9990234375 0 0 0 0 0 0 0 0 0 0 0 0 0 0 0 0 0 0 0 .176699995994568 0 1.66999995708466E-02 5.68000003695488E-02 8.66999998688698E-02 4.67000007629395E-02 7.66000002622604E-02 8.65999981760979E-02 5.66000007092953E-02 4.65999990701675E-02 3.66000011563301E-02 0 0 0 0 0 0 0 0 0 2.60000005364418E-02 0 0 0
-999.9990234375 -999.9990234375 -999.9990234375 -999.9990234375 -999.9990234375 -999.9990234375 -999.9990234375 -999.9990234375 -999.9990234375 -999.9990234375 -999.9990234375 0 0 0 0 0 0 0 0 0 0 0 0 0 0 0 0 0 0 0 .1266999989748 9.66999977827072E-02 .196700006723404 7.67000019550323E-02 0 0 5.84999993443489E-02 3.75000014901161E-02 3.66999991238117E-02 2.65999995172024E-02 1.65999997407198E-02 1.00000004749745E-03 6.59999996423721E-03 0 0 0 0 0 0 0 0 0 0 0 0 0
-999.9990234375 -999.9990234375 -999.9990234375 -999.9990234375 -999.9990234375 -999.9990234375 -999.9990234375 -999.9990234375 -999.9990234375 0 0 0 0 0 0 0 0 0 0 0 0 0 0 0 0 0 0 0 0 3.66999991238117E-02 6.66999965906143E-02 1.66999995708466E-02 5.66999986767769E-02 4.67000007629395E-02 0 0 0 5.92000000178814E-02 7.79999978840351E-03 3.00000014249235E-04 1.13000003620982E-02 2.79999990016222E-03 0 2.67999991774559E-02 0 0 0 0 0 0 0 0 0 0 0 0
-999.9990234375 -999.9990234375 -999.9990234375 0 0 0 -999.9990234375 -999.9990234375 0 0 0 0 0 0 0 0 0 0 0 0 0 0 0 0 0 .426699995994568 0 0 0 0 0 0 0 0 0 0 0 2.10999995470047E-02 0 0 .024100000038743 .034000001847744 .033100001513958 8.08999985456467E-02 0 0 0 0 0 0 0 0 0 0 0 0
-999.9990234375 0 0 0 0 0 0 0 0 0 0 0 0 0 0 0 0 0 0 0 0 0 0 0 .396699994802475 .186700001358986 0 0 0 0 0 0 0 0 0 0 0 2.09999992512167E-03 5.33000007271767E-02 2.45999991893768E-02 2.47000008821487E-02 .044599998742342 2.40000002086163E-02 2.21999995410442E-02 2.73000001907349E-02 0 0 0 1.60000007599592E-02 0 0 0 0 0 0 0
-999.9990234375 -999.9990234375 0 0 0 0 0 0 0 0 0 0 0 0 0 0 0 0 0 0 0 0 0 .196700006723404 0 0 0 0 0 0 0 0 0 0 0 0 0 0 .094200000166893 3.51999998092651E-02 5.55000007152557E-02 3.57000008225441E-02 4.58000004291534E-02 3.46999987959862E-02 5.18999993801117E-02 0 0 0 0 0 0 0 0 0 0 0
-999.9990234375 -999.9990234375 -999.9990234375 -999.9990234375 0 0 0 0 0 0 0 0 0 0 0 0 0 0 0 0 0 .2567999958992 4.69999983906746E-02 .046900000423193 0 0 0 0 0 8.99999961256981E-03 8.99999961256981E-03 1.89999993890524E-02 0 0 0 0 0 0 0 .135900005698204 3.62000018358231E-02 7.68999978899956E-02 7.69999995827675E-02 5.66999986767769E-02 1.51000004261732E-02 0 0 0 0 4.12000007927418E-02 0 0 0 0 0 0
-999.9990234375 -999.9990234375 -999.9990234375 -999.9990234375 0 0 0 0 0 0 0 .261999994516373 0 0 0 0 0 0 0 .20720000565052 .127399995923042 6.71999976038933E-02 0 0 0 0 0 0 0 1.89999993890524E-02 3.90000008046627E-02 3.90000008046627E-02 4.89999987185001E-02 1.89999993890524E-02 2.88999993354082E-02 1.88999995589256E-02 5.88000006973743E-02 0 0 9.61999967694283E-02 8.66999998688698E-02 5.71999996900558E-02 7.75000005960464E-02 .048300001770258 7.40000000223517E-03 0 0 0 0 0 0 0 0 0 0 0
-999.9990234375 -999.9990234375 0 0 0 0 0 0 1.68999992311001E-02 0 0 .131999999284744 .432000011205673 0 0 0 0 0 7.73999989032745E-02 0 0 9.89999994635582E-03 2.88999993354082E-02 1.16999996826053E-02 1.27999996766448E-02 6.32999986410141E-02 .033500000834465 2.36000008881092E-02 1.30000000353903E-03 1.00000004749745E-03 5.90000003576279E-02 7.90000036358833E-02 3.90000008046627E-02 6.88999965786934E-02 3.88999991118908E-02 3.88999991118908E-02 2.87999995052814E-02 3.86999994516373E-02 1.85000002384186E-02 1.76999997347593E-02 9.70000028610229E-02 6.75999969244003E-02 5.82999996840954E-02 8.85000005364418E-02 0 0 0 0 0 6.09999988228083E-03 3.48000004887581E-02 0 0 7.30000017210841E-03 1.76999997347593E-02 3.83000001311302E-02
-999.9990234375 0 0 0 0 3.48000004887581E-02 .033500000834465 5.07000014185905E-02 6.75999969244003E-02 8.57999995350838E-02 8.99999984540045E-04 0 5.20000010728836E-02 .282000005245209 0 0 .117799997329712 3.84999997913837E-02 2.84000001847744E-02 8.10000021010637E-03 2.12999992072582E-02 3.70999984443188E-02 3.04000005125999E-02 .032200001180172 4.30000014603138E-02 5.31999990344048E-02 2.34999991953373E-02 1.37000000104308E-02 2.40000011399388E-03 0 3.90000008046627E-02 7.90000036358833E-02 4.89999987185001E-02 7.89000019431114E-02 7.89000019431114E-02 4.89000007510185E-02 3.88000011444092E-02 3.86999994516373E-02 .088699996471405 2.85999998450279E-02 .068400003015995 .118400000035763 9.86000001430511E-02 9.86000001430511E-02 6.87000006437302E-02 0 0 0 2.40000011399388E-03 2.88999993354082E-02 4.89000007510185E-02 1.53999999165535E-02 3.81999984383583E-02 .048300001770258 .017400000244379 5.75999990105629E-02
-999.9990234375 0 2.08999998867512E-02 5.53000010550022E-02 7.28999972343445E-02 .166800007224083 .063900001347065 .131400004029274 8.90000015497208E-02 .114699997007847 .111800000071526 0 0 0 0 0 7.85000026226044E-02 2.30000000447035E-02 2.97999996691942E-02 5.84999993443489E-02 .048700001090765 2.01999992132187E-02 5.20999990403652E-02 5.26000000536442E-02 5.29999993741512E-02 6.31999969482422E-02 2.34999991953373E-02 1.37999998405576E-02 2.70000007003546E-03 7.60000012814999E-03 6.69999979436398E-03 4.89999987185001E-02 4.89999987185001E-02 4.89000007510185E-02 6.88999965786934E-02 4.89000007510185E-02 6.88000023365021E-02 5.86999990046024E-02 3.86999994516373E-02 5.84999993443489E-02 7.85999968647957E-02 .108599998056889 9.87000018358231E-02 9.87000018358231E-02 .168799996376038 0 0 0 7.94000029563904E-02 2.95000001788139E-02 1.48000000044703E-02 .112199999392033 4.96999993920326E-02 .088299997150898 7.81000033020973E-02 6.78000003099442E-02
-999.9990234375 -999.9990234375 -999.9990234375 2.84000001847744E-02 6.49999976158142E-02 7.53000006079674E-02 .113200001418591 .122400000691414 .090999998152256 5.20999990403652E-02 9.49999988079071E-02 .125499993562698 .017400000244379 0 .133200004696846 8.87999981641769E-02 3.40999998152256E-02 3.09999994933605E-02 3.46000008285046E-02 5.20000010728836E-02 4.05000001192093E-02 3.15999984741211E-02 4.23999987542629E-02 4.25999984145164E-02 4.32000011205673E-02 5.33000007271767E-02 3.39000001549721E-02 4.19999985024333E-03 2.42999996989965E-02 3.33000011742115E-02 6.59999996423721E-03 0 .028999999165535 3.88999991118908E-02 .058899998664856 2.88999993354082E-02 0 1.47000001743436E-02 2.88999993354082E-02 6.88000023365021E-02 .098800003528595 .108800001442432 .108800001442432 .098800003528595 8.88999998569489E-02 9.88999977707863E-02 9.10000037401915E-03 4.94000017642975E-02 4.94000017642975E-02 4.94000017642975E-02 8.39999970048666E-03 1.13000003620982E-02 .100599996745586 5.90999983251095E-02 2.84000001847744E-02 5.79000003635883E-02
-999.9990234375 -999.9990234375 -999.9990234375 -999.9990234375 0 4.45000007748604E-02 9.39000025391579E-02 9.30000022053719E-02 9.17999967932701E-02 7.11999982595444E-02 2.99999993294477E-02 .097900003194809 .187600001692772 8.66999998688698E-02 5.84000013768673E-02 6.68999999761581E-02 3.44999991357327E-02 5.00000007450581E-02 .061999998986721 4.72000017762184E-02 9.80000011622906E-03 4.25999984145164E-02 5.27999997138977E-02 .014299999922514 3.84999997913837E-02 8.99999961256981E-03 3.55999991297722E-02 1.59000009298325E-02 3.51000018417835E-02 2.45999991893768E-02 1.29000004380941E-02 7.40000000223517E-03 0 2.88999993354082E-02 0 0 0 3.55999991297722E-02 1.47000001743436E-02 6.88999965786934E-02 7.89000019431114E-02 9.88999977707863E-02 9.88999977707863E-02 9.89999994635582E-02 .108999997377396 .138999998569489 2.91000008583069E-02 1.93000007420778E-02 3.94000001251698E-02 2.94000003486872E-02 1.38999996706843E-02 1.53999999165535E-02 9.01999995112419E-02 6.94999992847443E-02 5.88000006973743E-02 6.83000013232231E-02
-999.9990234375 -999.9990234375 -999.9990234375 -999.9990234375 -999.9990234375 -999.9990234375 1.19000002741814E-02 6.31999969482422E-02 9.26999971270561E-02 5.18000014126301E-02 2.19000000506639E-02 5.82000017166138E-02 6.85999989509583E-02 0 0 3.90000008046627E-02 .063400000333786 4.85000014305115E-02 2.52000000327826E-02 1.31999999284744E-02 1.56999994069338E-02 2.09999997168779E-02 .028999999165535 .046000000089407 4.65999990701675E-02 4.58999983966351E-02 5.11000007390976E-02 4.93000000715256E-02 3.57000008225441E-02 2.54999995231628E-02 2.58000008761883E-02 4.74000014364719E-02 0 0 0 0 0 0 1.20000001043081E-02 0 .108999997377396 .12899999320507 .119000002741814 .109099999070168 .109099999070168 .109099999070168 .109200000762939 2.93000005185604E-02 4.93000000715256E-02 1.94000005722046E-02 1.39999995008111E-03 0 0 8.02000015974045E-02 7.95999988913536E-02 3.86999994516373E-02
-999.9990234375 -999.9990234375 -999.9990234375 -999.9990234375 -999.9990234375 -999.9990234375 -999.9990234375 0 0 0 0 0 0 0 0 0 2.41999998688698E-02 1.18000004440546E-02 1.98999997228384E-02 .022299999371171 1.35000003501773E-02 1.93000007420778E-02 2.97999996691942E-02 .034400001168251 2.66999993473291E-02 3.94000001251698E-02 7.24999979138374E-02 4.08000014722347E-02 0 1.57999992370605E-02 7.49999983236194E-03 0 0 0 0 0 0 2.34999991953373E-02 4.01999987661839E-02 5.59999980032444E-03 .13910000026226 .109099999070168 9.91000011563301E-02 .109099999070168 .129199996590614 5.92000000178814E-02 .149299994111061 .069300003349781 9.30000003427267E-03 0 0 0 0 1.22999995946884E-02 .029899999499321 .028999999165535
-999.9990234375 -999.9990234375 -999.9990234375 -999.9990234375 -999.9990234375 -999.9990234375 -999.9990234375 -999.9990234375 -999.9990234375 0 0 0 0 0 0 0 0 1.60000007599592E-02 2.52000000327826E-02 2.32999995350838E-02 3.61000001430511E-02 .033100001513958 7.71000012755394E-02 3.24000008404255E-02 3.26999984681606E-02 1.89999993890524E-02 2.10999995470047E-02 8.20000004023314E-03 0 0 0 8.00000037997961E-03 0 0 0 0 4.30000014603138E-03 5.95000013709068E-02 3.37999984622002E-02 1.85000002384186E-02 0 .109200000762939 .099200002849102 .14920000731945 .14920000731945 .179299995303154 .169300004839897 .19930000603199 9.30000003427267E-03 0 0 1.94000005722046E-02 1.94000005722046E-02 8.99999961256981E-03 8.63000005483627E-02 3.04000005125999E-02
-999.9990234375 -999.9990234375 -999.9990234375 -999.9990234375 -999.9990234375 -999.9990234375 -999.9990234375 -999.9990234375 -999.9990234375 -999.9990234375 -999.9990234375 -999.9990234375 0 0 0 0 0 5.60999996960163E-02 5.05999997258186E-02 1.18000004440546E-02 5.24000003933907E-02 4.10000011324883E-02 5.02000004053116E-02 3.18999998271465E-02 4.23000007867813E-02 2.73000001907349E-02 2.49000005424023E-02 0 0 0 0 0 0 0 0 3.39000001549721E-02 6.26000016927719E-02 8.15000012516975E-02 1.47000001743436E-02 9.4999996945262E-03 4.39999997615814E-03 .099200002849102 .169200003147125 .169200003147125 .169300004839897 .159299999475479 .169300004839897 .19930000603199 7.93000012636185E-02 9.39999986439943E-03 2.94000003486872E-02 4.94000017642975E-02 1.94000005722046E-02 1.35000003501773E-02 3.48999984562397E-02 .044599998742342
-999.9990234375 -999.9990234375 -999.9990234375 -999.9990234375 -999.9990234375 -999.9990234375 -999.9990234375 -999.9990234375 -999.9990234375 -999.9990234375 -999.9990234375 -999.9990234375 -999.9990234375 -999.9990234375 0 0 0 0 4.78999987244606E-02 6.23999983072281E-02 3.37000004947186E-02 .029899999499321 4.56000007688999E-02 3.48999984562397E-02 4.65999990701675E-02 0 0 0 0 0 0 0 0 0 0 8.55000019073486E-02 5.31999990344048E-02 5.27000017464161E-02 5.59999980032444E-03 1.5999999595806E-03 0 0 .149299994111061 .139300003647804 .179299995303154 .19930000603199 .179299995303154 .149299994111061 .219400003552437 3.94000001251698E-02 4.94000017642975E-02 2.94000003486872E-02 3.94000001251698E-02 9.70000028610229E-03 0 2.52000000327826E-02
-999.9990234375 -999.9990234375 -999.9990234375 -999.9990234375 -999.9990234375 -999.9990234375 -999.9990234375 -999.9990234375 -999.9990234375 -999.9990234375 -999.9990234375 -999.9990234375 -999.9990234375 -999.9990234375 -999.9990234375 -999.9990234375 -999.9990234375 0 .024100000038743 .023199999704957 6.78000003099442E-02 5.57999983429909E-02 4.61999997496605E-02 0 0 0 0 0 0 0 0 0 0 0 0 3.70999984443188E-02 6.09999988228083E-03 2.09999992512167E-03 2.30000005103648E-03 0 0 0 9.92999970912933E-02 .069300003349781 .159299999475479 .139300003647804 .189300000667572 .169400006532669 .189400002360344 .139400005340576 3.94000001251698E-02 2.94000003486872E-02 3.94000001251698E-02 0 0 0
-999.9990234375 -999.9990234375 -999.9990234375 -999.9990234375 -999.9990234375 -999.9990234375 -999.9990234375 -999.9990234375 -999.9990234375 -999.9990234375 -999.9990234375 -999.9990234375 -999.9990234375 -999.9990234375 -999.9990234375 -999.9990234375 -999.9990234375 -999.9990234375 -999.9990234375 0 0 8.89999978244305E-03 0 0 0 0 0 0 0 0 0 0 0 0 0 0 4.25999984145164E-02 0 0 5.79999992623925E-03 0 0 0 3.94000001251698E-02 7.93000012636185E-02 .129299998283386 .149399995803833 .159400001168251 .139400005340576 .149399995803833 0 0 0 0 1.97999998927116E-02 .129800006747246
-999.9990234375 -999.9990234375 -999.9990234375 -999.9990234375 -999.9990234375 -999.9990234375 -999.9990234375 -999.9990234375 -999.9990234375 -999.9990234375 -999.9990234375 -999.9990234375 -999.9990234375 -999.9990234375 -999.9990234375 -999.9990234375 -999.9990234375 -999.9990234375 -999.9990234375 -999.9990234375 -999.9990234375 0 0 0 0 0 0 9.30000003427267E-03 1.70000002253801E-03 0 0 0 0 0 0 0 0 1.40000004321337E-02 1.30000002682209E-02 3.70000000111759E-03 3.40000004507601E-03 1.70000002253801E-03 9.39999986439943E-03 3.94000001251698E-02 6.93999975919724E-02 7.94000029563904E-02 .119400002062321 .149399995803833 .139400005340576 .109499998390675 8.95000025629997E-02 0 0 1.97999998927116E-02 .119800001382828 .10980000346899
