sobek/Simulation Result/Existing/Q10.asc
nCols        140
nRows        174
xllCorner    108250
yllCorner    537700
CellSize     25
nodata_value -999.999
[rows 26 to 51 of 174, columns 0 to 58 of 140]
-999.9990234375 -999.9990234375 -999.9990234375 -999.9990234375 -999.9990234375 -999.9990234375 -999.9990234375 -999.9990234375 -999.9990234375 -999.9990234375 -999.9990234375 -999.9990234375 -999.9990234375 -999.9990234375 -999.9990234375 -999.9990234375 -999.9990234375 -999.9990234375 -999.9990234375 -999.9990234375 -999.9990234375 -999.9990234375 -999.9990234375 -999.9990234375 -999.9990234375 -999.9990234375 -999.9990234375 -999.9990234375 -999.9990234375 0 0 0 5.40000014007092E-03 4.54000011086464E-02 3.55999991297722E-02 3.62999998033047E-02 8.54000002145767E-02 0 0 0 0 1.00999996066093E-02 9.80000011622906E-03 0 0 0 0 0 0 0 0 0 0 0 0 0 1.62000004202127E-02 .125799998641014 0
-999.9990234375 -999.9990234375 -999.9990234375 -999.9990234375 -999.9990234375 -999.9990234375 -999.9990234375 -999.9990234375 -999.9990234375 -999.9990234375 -999.9990234375 -999.9990234375 -999.9990234375 -999.9990234375 -999.9990234375 -999.9990234375 -999.9990234375 -999.9990234375 -999.9990234375 -999.9990234375 -999.9990234375 -999.9990234375 -999.9990234375 -999.9990234375 -999.9990234375 -999.9990234375 -999.9990234375 -999.9990234375 -999.9990234375 0 0 0 0 0 7.79999978840351E-03 5.11000007390976E-02 1.54999997466803E-02 0 0 0 0 .028999999165535 8.2999998703599E-03 0 .046900000423193 0 .12780000269413 0 0 0 0 0 0 0 0 0 0 0 3.00000002607703E-03
-999.9990234375 -999.9990234375 -999.9990234375 -999.9990234375 -999.9990234375 -999.9990234375 -999.9990234375 -999.9990234375 -999.9990234375 -999.9990234375 -999.9990234375 -999.9990234375 -999.9990234375 -999.9990234375 -999.9990234375 -999.9990234375 -999.9990234375 -999.9990234375 -999.9990234375 -999.9990234375 -999.9990234375 -999.9990234375 -999.9990234375 -999.9990234375 -999.9990234375 -999.9990234375 -999.9990234375 -999.9990234375 0 6.99999975040555E-04 0 0 0 0 0 5.70000000298023E-02 0 0 0 0 0 2.43999995291233E-02 2.43999995291233E-02 2.60000000707805E-03 0 .137799993157387 .207800000905991 .157800003886223 0 0 0 0 0 0 0 0 0 0 0
-999.9990234375 -999.9990234375 -999.9990234375 -999.9990234375 -999.9990234375 -999.9990234375 -999.9990234375 -999.9990234375 -999.9990234375 -999.9990234375 -999.9990234375 -999.9990234375 -999.9990234375 -999.9990234375 -999.9990234375 -999.9990234375 -999.9990234375 -999.9990234375 -999.9990234375 -999.9990234375 -999.9990234375 -999.9990234375 -999.9990234375 -999.9990234375 -999.9990234375 -999.9990234375 -999.9990234375 -999.9990234375 0 2.40000011399388E-03 0 0 0 0 0 0 0 0 0 0 0 2.30000000447035E-02 .015599999576807 0 4.78999987244606E-02 7.77999982237816E-02 .197799995541573 .147799998521805 .137799993157387 2.74999998509884E-02 0 0 0 0 0 0 0 0 0
-999.9990234375 -999.9990234375 -999.9990234375 -999.9990234375 -999.9990234375 -999.9990234375 -999.9990234375 -999.9990234375 -999.9990234375 -999.9990234375 -999.9990234375 -999.9990234375 -999.9990234375 -999.9990234375 -999.9990234375 -999.9990234375 -999.9990234375 -999.9990234375 -999.9990234375 -999.9990234375 -999.9990234375 -999.9990234375 -999.9990234375 -999.9990234375 -999.9990234375 -999.9990234375 -999.9990234375 0 0 0 7.79999978840351E-03 0 0 0 0 0 0 0 0 0 0 2.19999998807907E-02 1.25000001862645E-02 5.70000009611249E-03 1.9000000320375E-03 .117799997329712 .107799999415874 .097800001502037 8.78000035881996E-02 2.70000007003546E-02 5.46000003814697E-02 0 0 0 0 0 0 0 0
-999.9990234375 -999.9990234375 -999.9990234375 -999.9990234375 -999.9990234375 -999.9990234375 -999.9990234375 -999.9990234375 -999.9990234375 -999.9990234375 -999.9990234375 -999.9990234375 -999.9990234375 -999.9990234375 -999.9990234375 -999.9990234375 -999.9990234375 -999.9990234375 -999.9990234375 -999.9990234375 -999.9990234375 -999.9990234375 -999.9990234375 -999.9990234375 -999.9990234375 -999.9990234375 -999.9990234375 0 0 0 0 0 0 0 0 0 0 0 0 0 0 0 4.85999993979931E-02 2.82000005245209E-02 3.9999998989515E-04 0 .107699997723103 5.77999986708164E-02 0 0 3.33000011742115E-02 .02280000038445 6.27999976277351E-02 0 0 3.05000003427267E-02 .010499999858439 0 0
-999.9990234375 -999.9990234375 -999.9990234375 -999.9990234375 -999.9990234375 -999.9990234375 -999.9990234375 -999.9990234375 -999.9990234375 -999.9990234375 -999.9990234375 -999.9990234375 -999.9990234375 -999.9990234375 -999.9990234375 -999.9990234375 -999.9990234375 -999.9990234375 -999.9990234375 -999.9990234375 -999.9990234375 -999.9990234375 -999.9990234375 -999.9990234375 -999.9990234375 -999.9990234375 0 0 0 0 0 0 7.30000017210841E-03 3.89999989420176E-03 0 0 0 0 0 0 0 0 3.73000018298626E-02 8.00000037997961E-03 0 0 1.47000001743436E-02 1.84000004082918E-02 5.53999990224838E-02 2.42999996989965E-02 5.27000017464161E-02 3.24999988079071E-02 2.09999992512167E-03 8.07999968528748E-02 .300799995660782 0 3.05000003427267E-02 0 0
-999.9990234375 -999.9990234375 -999.9990234375 -999.9990234375 -999.9990234375 -999.9990234375 -999.9990234375 -999.9990234375 -999.9990234375 -999.9990234375 -999.9990234375 -999.9990234375 -999.9990234375 -999.9990234375 -999.9990234375 -999.9990234375 -999.9990234375 -999.9990234375 -999.9990234375 -999.9990234375 -999.9990234375 -999.9990234375 -999.9990234375 -999.9990234375 -999.9990234375 -999.9990234375 0 0 0 0 0 0 0 0 0 0 0 0 0 0 0 1.86000000685453E-02 2.74000000208616E-02 0 0 .017000000923872 5.59000000357628E-02 1.79999996908009E-03 0 0 6.23000003397465E-02 5.18999993801117E-02 8.08999985456467E-02 8.08999985456467E-02 .130799993872643 8.04999992251396E-02 .130500003695488 2.04000007361174E-02 5.02999983727932E-02
-999.9990234375 -999.9990234375 -999.9990234375 -999.9990234375 -999.9990234375 -999.9990234375 -999.9990234375 -999.9990234375 -999.9990234375 -999.9990234375 -999.9990234375 -999.9990234375 -999.9990234375 -999.9990234375 -999.9990234375 -999.9990234375 -999.9990234375 -999.9990234375 -999.9990234375 -999.9990234375 -999.9990234375 -999.9990234375 -999.9990234375 -999.9990234375 -999.9990234375 -999.9990234375 0 0 0 0 0 0 0 0 0 0 0 0 0 2.39000003784895E-02 1.88999995589256E-02 2.91000008583069E-02 2.91000008583069E-02 9.80000011622906E-03 0 6.09999988228083E-03 4.54000011086464E-02 7.40000000223517E-03 0 0 0 0 9.08999964594841E-02 .11089999973774 5.07999993860722E-02 1.08000002801418E-02 2.08999998867512E-02 .100299999117851 8.03000032901764E-02
-999.9990234375 -999.9990234375 -999.9990234375 -999.9990234375 -999.9990234375 -999.9990234375 -999.9990234375 -999.9990234375 -999.9990234375 -999.9990234375 -999.9990234375 -999.9990234375 -999.9990234375 -999.9990234375 -999.9990234375 -999.9990234375 -999.9990234375 -999.9990234375 -999.9990234375 -999.9990234375 -999.9990234375 -999.9990234375 -999.9990234375 -999.9990234375 -999.9990234375 0 0 0 0 0 0 0 0 0 0 0 0 0 4.99999988824129E-03 .033100001513958 4.69999993219972E-03 1.09999999403954E-02 3.05000003427267E-02 9.89999994635582E-03 0 1.35000003501773E-02 4.54000011086464E-02 3.70000000111759E-03 0 0 0 0 0 5.09000010788441E-02 1.00000004749745E-03 3.29999998211861E-03 3.20999994874001E-02 3.02000008523464E-02 3.88999991118908E-02
-999.9990234375 -999.9990234375 -999.9990234375 -999.9990234375 -999.9990234375 -999.9990234375 -999.9990234375 -999.9990234375 -999.9990234375 -999.9990234375 -999.9990234375 -999.9990234375 -999.9990234375 -999.9990234375 -999.9990234375 -999.9990234375 -999.9990234375 -999.9990234375 -999.9990234375 -999.9990234375 -999.9990234375 -999.9990234375 -999.9990234375 -999.9990234375 -999.9990234375 0 0 0 0 0 8.99999961256981E-03 0 1.29000004380941E-02 7.84000009298325E-02 1.5999999595806E-03 9.99999974737875E-05 0 0 4.60000010207295E-03 2.83000003546476E-02 .028999999165535 2.36000008881092E-02 3.18999998271465E-02 1.00000004749745E-03 0 4.43999990820885E-02 5.42999990284443E-02 .044599998742342 0 0 1.16999996826053E-02 0 0 6.00000005215406E-03 1.03000001981854E-02 8.2999998703599E-03 1.86000000685453E-02 1.00000004749745E-03 1.30000000353903E-03
-999.9990234375 -999.9990234375 -999.9990234375 -999.9990234375 -999.9990234375 -999.9990234375 -999.9990234375 -999.9990234375 -999.9990234375 -999.9990234375 -999.9990234375 -999.9990234375 -999.9990234375 -999.9990234375 -999.9990234375 -999.9990234375 -999.9990234375 -999.9990234375 -999.9990234375 -999.9990234375 -999.9990234375 -999.9990234375 -999.9990234375 -999.9990234375 0 0 0 0 0 0 0 0 0 1.5999999595806E-03 .117899999022484 5.38999997079372E-02 2.20999997109175E-02 2.09999997168779E-02 .011400000192225 1.27999996766448E-02 1.36000001803041E-02 2.36000008881092E-02 .032200001180172 2.17000003904104E-02 1.98999997228384E-02 1.66999995708466E-02 6.49000033736229E-02 .025000000372529 3.40000004507601E-03 0 0 8.60000029206276E-03 0 9.99999974737875E-05 0 1.37999998405576E-02 2.75999996811152E-02 2.40000011399388E-03 1.00000004749745E-03
-999.9990234375 -999.9990234375 -999.9990234375 -999.9990234375 -999.9990234375 -999.9990234375 -999.9990234375 -999.9990234375 -999.9990234375 -999.9990234375 -999.9990234375 -999.9990234375 -999.9990234375 -999.9990234375 -999.9990234375 -999.9990234375 -999.9990234375 -999.9990234375 -999.9990234375 -999.9990234375 -999.9990234375 -999.9990234375 -999.9990234375 -999.9990234375 0 .015599999576807 0 0 5.59999980032444E-03 0 0 0 0 1.79999996908009E-03 4.69999983906746E-02 1.19000002741814E-02 4.27000001072884E-02 2.82000005245209E-02 1.89999993890524E-02 1.32999997586012E-02 6.30000000819564E-03 4.00000018998981E-03 .022299999371171 4.21000011265278E-02 1.11999996006489E-02 8.60000029206276E-03 3.57999987900257E-02 4.58999983966351E-02 2.56999991834164E-02 0 0 0 0 .012699999846518 2.10999995470047E-02 4.4999998062849E-03 5.44000007212162E-02 3.48000004887581E-02 1.31999999284744E-02
-999.9990234375 -999.9990234375 -999.9990234375 -999.9990234375 -999.9990234375 -999.9990234375 -999.9990234375 -999.9990234375 -999.9990234375 -999.9990234375 -999.9990234375 -999.9990234375 -999.9990234375 -999.9990234375 -999.9990234375 -999.9990234375 -999.9990234375 -999.9990234375 -999.9990234375 -999.9990234375 -999.9990234375 -999.9990234375 -999.9990234375 0 0 0 0 9.10000037401915E-03 3.83000001311302E-02 0 0 0 0 1.70000002253801E-03 0 1.67999994009733E-02 2.15000007301569E-02 6.50000013411045E-03 3.86999994516373E-02 2.85000000149012E-02 7.30000017210841E-03 0 2.30000005103648E-03 2.25000008940697E-02 2.25000008940697E-02 3.00000002607703E-03 3.61000001430511E-02 2.72000003606081E-02 2.40000011399388E-03 1.20000005699694E-03 1.00000004749745E-03 1.32999997586012E-02 1.5999999595806E-03 2.40000011399388E-03 2.19999998807907E-02 3.42000015079975E-02 3.24999988079071E-02 1.19000002741814E-02 1.62000004202127E-02
-999.9990234375 -999.9990234375 -999.9990234375 -999.9990234375 -999.9990234375 -999.9990234375 -999.9990234375 -999.9990234375 -999.9990234375 -999.9990234375 -999.9990234375 -999.9990234375 -999.9990234375 -999.9990234375 -999.9990234375 -999.9990234375 -999.9990234375 -999.9990234375 -999.9990234375 -999.9990234375 -999.9990234375 -999.9990234375 -999.9990234375 0 0 0 0 0 0 0 0 0 0 0 .025000000372529 1.93000007420778E-02 2.74999998509884E-02 2.53999996930361E-02 1.20999999344349E-02 2.96000000089407E-02 1.96000002324581E-02 1.94000005722046E-02 4.10000002011657E-03 5.40000014007092E-03 5.40000014007092E-03 6.00000005215406E-03 3.50000010803342E-03 3.99999991059303E-02 1.51000004261732E-02 0 8.00000037997961E-03 1.56999994069338E-02 3.10000008903444E-03 1.30000002682209E-02 2.25000008940697E-02 2.09999992512167E-03 2.74000000208616E-02 2.80000008642673E-02 1.15000000223517E-02
-999.9990234375 -999.9990234375 -999.9990234375 -999.9990234375 -999.9990234375 -999.9990234375 -999.9990234375 -999.9990234375 -999.9990234375 -999.9990234375 -999.9990234375 -999.9990234375 -999.9990234375 -999.9990234375 -999.9990234375 -999.9990234375 -999.9990234375 -999.9990234375 -999.9990234375 -999.9990234375 -999.9990234375 -999.9990234375 0 4.74000014364719E-02 2.30000000447035E-02 0 0 0 0 0 0 1.94000005722046E-02 0 0 3.05000003427267E-02 3.51000018417835E-02 1.86999998986721E-02 3.57000008225441E-02 2.36000008881092E-02 5.02000004053116E-02 4.01000007987022E-02 .029899999499321 6.30000000819564E-03 5.10000018402934E-03 5.10000018402934E-03 1.79999996908009E-03 2.40000011399388E-03 1.59000009298325E-02 1.83000005781651E-02 .028999999165535 2.60000000707805E-03 1.00999996066093E-02 6.59999996423721E-03 0 2.79999990016222E-03 1.26000000163913E-02 3.20000015199184E-02 2.16000005602837E-02 0
-999.9990234375 -999.9990234375 -999.9990234375 -999.9990234375 -999.9990234375 -999.9990234375 -999.9990234375 -999.9990234375 -999.9990234375 -999.9990234375 -999.9990234375 -999.9990234375 -999.9990234375 -999.9990234375 -999.9990234375 -999.9990234375 -999.9990234375 -999.9990234375 -999.9990234375 -999.9990234375 -999.9990234375 -999.9990234375 0 5.11000007390976E-02 0 0 0 0 0 0 0 3.84000018239021E-02 0 1.67999994009733E-02 .013399999588728 1.03000001981854E-02 3.05000003427267E-02 1.86999998986721E-02 1.62000004202127E-02 3.04000005125999E-02 3.02000008523464E-02 2.99999993294477E-02 6.80000009015203E-03 8.00000037997961E-03 4.99999988824129E-03 2.19999998807907E-03 2.09999992512167E-03 9.60000045597553E-03 2.17000003904104E-02 5.40000014007092E-03 1.56999994069338E-02 1.59000009298325E-02 1.19000002741814E-02 6.59999996423721E-03 1.37999998405576E-02 1.29000004380941E-02 1.24000003561378E-02 0 0
-999.9990234375 -999.9990234375 -999.9990234375 -999.9990234375 -999.9990234375 -999.9990234375 -999.9990234375 -999.9990234375 -999.9990234375 -999.9990234375 -999.9990234375 -999.9990234375 -999.9990234375 -999.9990234375 -999.9990234375 -999.9990234375 -999.9990234375 -999.9990234375 -999.9990234375 -999.9990234375 -999.9990234375 0 0 4.65000011026859E-02 1.07000004500151E-02 4.25999984145164E-02 .022299999371171 0 0 0 3.86999994516373E-02 2.83000003546476E-02 2.40000002086163E-02 1.95000004023314E-02 2.65999995172024E-02 2.52999998629093E-02 1.09999999403954E-02 1.57999992370605E-02 3.03000006824732E-02 0 3.02000008523464E-02 1.02000003680587E-02 1.00000004749745E-03 3.50000010803342E-03 6.30000000819564E-03 1.40000004321337E-02 1.20000005699694E-03 3.10000008903444E-03 2.47000008821487E-02 8.70000012218952E-03 3.40000004507601E-03 4.19999994337559E-02 9.4999996945262E-03 1.92000009119511E-02 4.39999997615814E-03 2.30000000447035E-02 0 0 0
-999.9990234375 -999.9990234375 -999.9990234375 -999.9990234375 -999.9990234375 -999.9990234375 -999.9990234375 -999.9990234375 -999.9990234375 -999.9990234375 -999.9990234375 -999.9990234375 -999.9990234375 -999.9990234375 -999.9990234375 -999.9990234375 -999.9990234375 -999.9990234375 -999.9990234375 -999.9990234375 -999.9990234375 0 0 6.28999993205071E-02 5.33000007271767E-02 7.33999982476234E-02 0 0 0 0 6.50000013411045E-03 0 4.12000007927418E-02 4.03000004589558E-02 2.76999995112419E-02 2.63000000268221E-02 .034000001847744 2.16000005602837E-02 7.1000000461936E-03 6.69999979436398E-03 0 0 1.00000004749745E-03 6.3999998383224E-03 4.60000010207295E-03 0 0 0 1.94000005722046E-02 2.26000007241964E-02 2.66999993473291E-02 2.64999996870756E-02 1.48000000044703E-02 0 0 0 3.10999993234873E-02 5.11000007390976E-02 0
-999.9990234375 -999.9990234375 -999.9990234375 -999.9990234375 -999.9990234375 -999.9990234375 -999.9990234375 -999.9990234375 -999.9990234375 -999.9990234375 -999.9990234375 -999.9990234375 -999.9990234375 -999.9990234375 -999.9990234375 -999.9990234375 -999.9990234375 -999.9990234375 -999.9990234375 -999.9990234375 0 0 9.10000037401915E-03 3.62000018358231E-02 7.31000006198883E-02 8.47999975085258E-02 0 0 0 0 0 3.61000001430511E-02 1.00999996066093E-02 1.26000000163913E-02 1.83000005781651E-02 4.74000014364719E-02 1.54999997466803E-02 2.36000008881092E-02 5.00000023748726E-04 0 2.47000008821487E-02 3.46999987959862E-02 2.79999990016222E-03 2.40000011399388E-03 1.07000004500151E-02 0 0 0 6.99999975040555E-04 1.79999996908009E-03 3.99000011384487E-02 5.09000010788441E-02 1.02000003680587E-02 3.02000008523464E-02 0 5.11000007390976E-02 5.11000007390976E-02 4.10999990999699E-02 3.09999994933605E-02
-999.9990234375 -999.9990234375 -999.9990234375 -999.9990234375 -999.9990234375 -999.9990234375 -999.9990234375 -999.9990234375 -999.9990234375 -999.9990234375 -999.9990234375 -999.9990234375 -999.9990234375 -999.9990234375 -999.9990234375 -999.9990234375 -999.9990234375 -999.9990234375 -999.9990234375 -999.9990234375 0 0 4.52000014483929E-02 4.52000014483929E-02 1.43999997526407E-02 0 4.32000011205673E-02 7.28999972343445E-02 0 0 0 0 5.16999997198582E-02 3.75999994575977E-02 3.59999993816018E-03 1.93000007420778E-02 2.66999993473291E-02 1.53000000864267E-02 1.30000000353903E-03 1.31000000983477E-02 4.30000014603138E-03 1.47000001743436E-02 3.46999987959862E-02 0 6.89999992027879E-03 0 0 0 7.999999797903E-04 3.10000008903444E-03 2.96000000089407E-02 5.29000014066696E-02 6.45999982953072E-02 0 2.12999992072582E-02 .061099998652935 5.11000007390976E-02 3.10999993234873E-02 4.10000011324883E-02
-999.9990234375 -999.9990234375 -999.9990234375 -999.9990234375 -999.9990234375 -999.9990234375 -999.9990234375 -999.9990234375 -999.9990234375 -999.9990234375 -999.9990234375 -999.9990234375 -999.9990234375 -999.9990234375 -999.9990234375 -999.9990234375 -999.9990234375 -999.9990234375 -999.9990234375 -999.9990234375 0 1.53000000864267E-02 .035300001502037 7.53000006079674E-02 0 0 0 0 0 0 0 0 0 4.19000014662743E-02 4.06000018119812E-02 3.13999988138676E-02 0 5.10000018402934E-03 1.68999992311001E-02 3.10000008903444E-03 .025900000706315 3.57999987900257E-02 1.59000009298325E-02 3.89999989420176E-03 .032600000500679 0 0 6.89999992027879E-03 2.49999994412065E-03 5.79999992623925E-03 4.12999987602234E-02 0 3.53999994695187E-02 7.15000033378601E-02 4.19999994337559E-02 2.15000007301569E-02 .031199999153614 3.10999993234873E-02 2.10999995470047E-02
-999.9990234375 -999.9990234375 -999.9990234375 -999.9990234375 -999.9990234375 -999.9990234375 -999.9990234375 -999.9990234375 -999.9990234375 -999.9990234375 -999.9990234375 -999.9990234375 -999.9990234375 -999.9990234375 -999.9990234375 -999.9990234375 -999.9990234375 -999.9990234375 -999.9990234375 0 1.53999999165535E-02 5.53000010550022E-02 4.52999994158745E-02 5.40000014007092E-03 0 0 0 0 0 6.99999975040555E-04 4.28000018000603E-02 0 0 0 1.41000002622604E-02 5.27999997138977E-02 9.99999974737875E-05 0 2.60000000707805E-03 5.70000009611249E-03 2.60000005364418E-02 2.62000001966953E-02 1.72000005841255E-02 7.19999987632036E-03 1.63000002503395E-02 2.67999991774559E-02 1.48999998345971E-02 5.9000002220273E-03 4.93000000715256E-02 9.20000020414591E-03 0 3.64999994635582E-02 5.35000003874302E-02 4.30000014603138E-02 4.28000018000603E-02 1.26000000163913E-02 0 3.00000014249235E-04 0
-999.9990234375 -999.9990234375 -999.9990234375 -999.9990234375 -999.9990234375 -999.9990234375 -999.9990234375 -999.9990234375 -999.9990234375 -999.9990234375 -999.9990234375 -999.9990234375 -999.9990234375 -999.9990234375 -999.9990234375 -999.9990234375 -999.9990234375 -999.9990234375 -999.9990234375 0 7.54000023007393E-02 8.54000002145767E-02 4.90000005811453E-03 0 0 0 0 0 0 0 8.60000029206276E-03 3.42000015079975E-02 1.41000002622604E-02 0 0 3.1999999191612E-03 2.19999998807907E-02 7.49999983236194E-03 1.20000005699694E-03 1.99999995529652E-02 8.39999970048666E-03 2.04000007361174E-02 2.03000009059906E-02 1.37999998405576E-02 2.07000002264977E-02 1.82000007480383E-02 .0152000002563 0 0 .117200002074242 .10700000077486 3.83000001311302E-02 3.62999998033047E-02 4.34000007808208E-02 4.32999990880489E-02 2.30999998748302E-02 0 0 0
-999.9990234375 -999.9990234375 -999.9990234375 -999.9990234375 -999.9990234375 -999.9990234375 -999.9990234375 -999.9990234375 -999.9990234375 -999.9990234375 -999.9990234375 -999.9990234375 -999.9990234375 -999.9990234375 -999.9990234375 -999.9990234375 -999.9990234375 -999.9990234375 0 .045499999076128 9.53999981284142E-02 0 0 0 0 0 0 0 0 0 0 1.9000000320375E-03 2.09999992512167E-03 0 0 0 0 6.49000033736229E-02 3.55999991297722E-02 9.60000045597553E-03 6.09999988228083E-03 1.30000002682209E-02 3.22999991476536E-02 2.05000005662441E-02 2.19000000506639E-02 0 0 0 .167400002479553 .227300003170967 .167300000786781 .045499999076128 0 0 .023700000718236 0 0 0 0
-999.9990234375 -999.9990234375 -999.9990234375 -999.9990234375 -999.9990234375 -999.9990234375 -999.9990234375 -999.9990234375 -999.9990234375 -999.9990234375 -999.9990234375 -999.9990234375 -999.9990234375 -999.9990234375 -999.9990234375 -999.9990234375 -999.9990234375 -999.9990234375 0 0 5.55000007152557E-02 0 0 0 0 0 0 0 0 0 0 1.20000001043081E-02 2.0000000949949E-03 0 0 1.00000004749745E-03 1.9000000320375E-03 0 4.85999993979931E-02 2.55999993532896E-02 2.30000000447035E-02 5.13000003993511E-02 3.61000001430511E-02 0 0 2.83000003546476E-02 9.82000008225441E-02 .228000000119209 .177499994635582 .117399998009205 .107299998402596 7.71000012755394E-02 2.63000000268221E-02 5.29999984428287E-03 .024100000038743 .024100000038743 0 8.99999961256981E-03 8.99999961256981E-03
