sobek/Simulation Result/Existing/Q10.asc
nCols        140
nRows        174
xllCorner    108250
yllCorner    537700
CellSize     25
nodata_value -999.999
[rows 26 to 51 of 174, columns 59 to 117 of 140]
0 0 1.05999996885657E-02 1.20000005699694E-03 0 0 0 0 0 0 0 0 0 9.29000005125999E-02 .182899996638298 .232899993658066 9.29000005125999E-02 9.29000005125999E-02 .122900001704693 .142900004982948 .112899996340275 .122900001704693 .112899996340275 .242899999022484 .162900000810623 .152899995446205 0 0 -999.9990234375 -999.9990234375 -999.9990234375 -999.9990234375 -999.9990234375 -999.9990234375 -999.9990234375 -999.9990234375 -999.9990234375 -999.9990234375 -999.9990234375 -999.9990234375 -999.9990234375 -999.9990234375 -999.9990234375 -999.9990234375 -999.9990234375 -999.9990234375 -999.9990234375 -999.9990234375 -999.9990234375 -999.9990234375 -999.9990234375 -999.9990234375 -999.9990234375 -999.9990234375 -999.9990234375 -999.9990234375 -999.9990234375 -999.9990234375 -999.9990234375
.125699996948242 0 0 0 0 0 0 0 0 0 .172999992966652 6.28999993205071E-02 4.28999997675419E-02 .13289999961853 .162900000810623 .182899996638298 .242899999022484 .13289999961853 .13289999961853 .112899996340275 .112899996340275 .152899995446205 .222900003194809 .192900002002716 .212899997830391 .222900003194809 .212899997830391 .182899996638298 0 0 -999.9990234375 -999.9990234375 -999.9990234375 -999.9990234375 -999.9990234375 -999.9990234375 -999.9990234375 -999.9990234375 -999.9990234375 -999.9990234375 -999.9990234375 -999.9990234375 -999.9990234375 -999.9990234375 -999.9990234375 -999.9990234375 -999.9990234375 -999.9990234375 -999.9990234375 -999.9990234375 -999.9990234375 -999.9990234375 -999.9990234375 -999.9990234375 -999.9990234375 -999.9990234375 -999.9990234375 -999.9990234375 -999.9990234375
0 4.54000011086464E-02 .154699996113777 0 0 0 0 0 0 0 .18299999833107 .162900000810623 .152899995446205 .192900002002716 .212899997830391 .162900000810623 .192900002002716 .322899997234344 .162900000810623 .142900004982948 .122900001704693 .282900005578995 .172900006175041 .192900002002716 .212899997830391 .232899993658066 .212899997830391 .232899993658066 .242899999022484 1.29000004380941E-02 .182899996638298 0 -999.9990234375 0 0 0 -999.9990234375 -999.9990234375 -999.9990234375 -999.9990234375 -999.9990234375 -999.9990234375 -999.9990234375 -999.9990234375 -999.9990234375 -999.9990234375 -999.9990234375 -999.9990234375 -999.9990234375 -999.9990234375 -999.9990234375 -999.9990234375 -999.9990234375 -999.9990234375 -999.9990234375 -999.9990234375 -999.9990234375 -999.9990234375 -999.9990234375
0 0 0 7.54000023007393E-02 2.36000008881092E-02 0 0 0 0 0 0 .152899995446205 .222900003194809 .192900002002716 .222900003194809 .202900007367134 .262899994850159 .242899999022484 .242899999022484 .172900006175041 .232899993658066 .222900003194809 .152899995446205 .172900006175041 .212899997830391 .182899996638298 .222900003194809 .252900004386902 .252900004386902 .312900006771088 .342900007963181 .342900007963181 .292899996042252 .372900009155273 .322899997234344 .302899986505508 0 0 -999.9990234375 -999.9990234375 -999.9990234375 -999.9990234375 -999.9990234375 -999.9990234375 -999.9990234375 -999.9990234375 -999.9990234375 -999.9990234375 -999.9990234375 -999.9990234375 -999.9990234375 -999.9990234375 -999.9990234375 -999.9990234375 -999.9990234375 -999.9990234375 -999.9990234375 -999.9990234375 -999.9990234375
0 0 0 0 4.30000014603138E-03 .13289999961853 3.24000008404255E-02 0 0 4.61000017821789E-02 2.12999992072582E-02 7.28999972343445E-02 8.29000025987625E-02 .202900007367134 .212899997830391 .282900005578995 .272899985313416 .272899985313416 .282900005578995 .242899999022484 .192900002002716 .192900002002716 .172900006175041 .182899996638298 .182899996638298 .152899995446205 .192900002002716 .212899997830391 .312900006771088 .362899988889694 .322899997234344 .332899987697601 .312900006771088 .402900010347366 .572899997234344 .42289999127388 .362899988889694 .342900007963181 0 -999.9990234375 -999.9990234375 -999.9990234375 -999.9990234375 -999.9990234375 -999.9990234375 -999.9990234375 -999.9990234375 -999.9990234375 -999.9990234375 -999.9990234375 -999.9990234375 -999.9990234375 -999.9990234375 -999.9990234375 -999.9990234375 -999.9990234375 -999.9990234375 -999.9990234375 -999.9990234375
0 0 0 .032200001180172 7.69999995827675E-03 0 0 9.17000025510788E-02 4.03999984264374E-02 3.35999988019466E-02 1.15999998524785E-02 6.20000017806888E-03 1.29000004380941E-02 .112899996340275 .192900002002716 .182899996638298 .202900007367134 .322899997234344 .262899994850159 .222900003194809 .192900002002716 .202900007367134 .162900000810623 .152899995446205 .192900002002716 .172900006175041 .202900007367134 .202900007367134 .292899996042252 .332899987697601 .342900007963181 .322899997234344 .322899997234344 .302899986505508 .942900002002716 .822899997234344 .622900009155273 .442900002002716 .372900009155273 0 -999.9990234375 -999.9990234375 -999.9990234375 -999.9990234375 -999.9990234375 -999.9990234375 -999.9990234375 -999.9990234375 -999.9990234375 -999.9990234375 -999.9990234375 -999.9990234375 -999.9990234375 -999.9990234375 -999.9990234375 -999.9990234375 -999.9990234375 -999.9990234375 -999.9990234375
1.96000002324581E-02 0 0 1.53000000864267E-02 0 0 2.49999994412065E-03 0 0 2.0000000949949E-03 3.50000010803342E-03 1.00000004749745E-03 0 0 0 0 8.29000025987625E-02 .192900002002716 .212899997830391 .202900007367134 .202900007367134 .172900006175041 .172900006175041 .152899995446205 .172900006175041 .182899996638298 .192900002002716 .252900004386902 .282900005578995 .352899998426437 .362899988889694 .332899987697601 .312900006771088 .312900006771088 .732900023460388 .892899990081787 1.03289997577667 .96289998292923 .752900004386902 .322899997234344 0 -999.9990234375 -999.9990234375 -999.9990234375 -999.9990234375 -999.9990234375 -999.9990234375 -999.9990234375 -999.9990234375 -999.9990234375 -999.9990234375 -999.9990234375 -999.9990234375 -999.9990234375 -999.9990234375 -999.9990234375 -999.9990234375 -999.9990234375 -999.9990234375
9.60000045597553E-03 0 5.82999996840954E-02 6.83000013232231E-02 0 0 0 0 0 3.10000008903444E-03 3.50000010803342E-03 1.99999994947575E-04 0 0 0 0 0 0 6.28999993205071E-02 .152899995446205 .152899995446205 .162900000810623 .142900004982948 .172900006175041 .182899996638298 .152899995446205 .212899997830391 .252900004386902 .322899997234344 .362899988889694 .372900009155273 .372900009155273 .432900011539459 .412900000810623 .472900003194809 .682900011539459 .812900006771088 .872900009155273 .872900009155273 .592899978160858 2.29000002145767E-02 0 -999.9990234375 -999.9990234375 -999.9990234375 -999.9990234375 -999.9990234375 -999.9990234375 -999.9990234375 -999.9990234375 -999.9990234375 -999.9990234375 -999.9990234375 -999.9990234375 -999.9990234375 -999.9990234375 -999.9990234375 -999.9990234375 -999.9990234375
8.2999998703599E-03 .048200000077486 6.83000013232231E-02 .098300002515316 0 9.07000005245209E-02 4.19000014662743E-02 7.53000006079674E-02 0 5.2000000141561E-03 3.22999991476536E-02 0 0 0 0 0 0 0 9.29000005125999E-02 .13289999961853 .152899995446205 .152899995446205 .112899996340275 .13289999961853 .202900007367134 .192900002002716 .262899994850159 .332899987697601 .402900010347366 .372900009155273 .432900011539459 .372900009155273 .42289999127388 .402900010347366 .452899992465973 .702899992465973 .562900006771088 .472900003194809 .512899994850159 .552900016307831 .372900009155273 0 -999.9990234375 -999.9990234375 -999.9990234375 -999.9990234375 -999.9990234375 -999.9990234375 -999.9990234375 -999.9990234375 -999.9990234375 -999.9990234375 -999.9990234375 -999.9990234375 -999.9990234375 -999.9990234375 -999.9990234375 -999.9990234375 -999.9990234375
.118000000715256 5.82000017166138E-02 5.82000017166138E-02 3.81999984383583E-02 2.81000006943941E-02 6.94999992847443E-02 1.86000000685453E-02 8.92999991774559E-02 6.12999983131886E-02 0 .043699998408556 5.16999997198582E-02 0 0 0 0 0 0 0 .172900006175041 .172900006175041 .162900000810623 .152899995446205 .162900000810623 .222900003194809 .292899996042252 .342900007963181 .262899994850159 .462900012731552 .302899986505508 .362899988889694 .38289999961853 .42289999127388 .342900007963181 .342900007963181 .592899978160858 .652899980545044 .542900025844574 .532899975776672 .542900025844574 .572899997234344 .362899988889694 0 -999.9990234375 -999.9990234375 -999.9990234375 -999.9990234375 -999.9990234375 -999.9990234375 -999.9990234375 -999.9990234375 -999.9990234375 -999.9990234375 -999.9990234375 -999.9990234375 -999.9990234375 -999.9990234375 -999.9990234375 -999.9990234375
2.88999993354082E-02 6.81999996304512E-02 2.82000005245209E-02 1.82000007480383E-02 6.97000026702881E-02 0 0 6.99999975040555E-04 2.54999995231628E-02 3.03000006824732E-02 5.16000017523766E-02 2.49000005424023E-02 3.75999994575977E-02 0 0 0 0 0 8.29000025987625E-02 9.29000005125999E-02 .112899996340275 .162900000810623 .162900000810623 .222900003194809 .252900004386902 .312900006771088 .242899999022484 .262899994850159 .372900009155273 .372900009155273 .352899998426437 .352899998426437 .352899998426437 .392899990081787 .442900002002716 .502900004386902 .682900011539459 .612900018692017 .702899992465973 .772899985313416 .692900002002716 .662899971008301 .292899996042252 0 -999.9990234375 -999.9990234375 -999.9990234375 -999.9990234375 -999.9990234375 -999.9990234375 -999.9990234375 -999.9990234375 -999.9990234375 -999.9990234375 -999.9990234375 -999.9990234375 -999.9990234375 -999.9990234375 -999.9990234375
1.21999997645617E-02 6.20000017806888E-03 0 2.83000003546476E-02 2.21999995410442E-02 0 0 0 2.79999990016222E-03 1.31000000983477E-02 2.06000003963709E-02 1.81000009179115E-02 9.4999996945262E-03 0 0 0 0 3.29000018537045E-02 .122900001704693 7.28999972343445E-02 9.29000005125999E-02 .152899995446205 .212899997830391 .222900003194809 .252900004386902 .262899994850159 .252900004386902 .272899985313416 .322899997234344 .372900009155273 .332899987697601 .342900007963181 .402900010347366 .42289999127388 .332899987697601 .622900009155273 .872900009155273 .832899987697601 .792900025844574 .872900009155273 .762899994850159 .782899975776672 .762899994850159 .192900002002716 0 -999.9990234375 -999.9990234375 -999.9990234375 -999.9990234375 -999.9990234375 -999.9990234375 -999.9990234375 -999.9990234375 -999.9990234375 -999.9990234375 -999.9990234375 -999.9990234375 -999.9990234375 -999.9990234375
4.17000018060207E-02 0 1.18000004440546E-02 0 0 0 0 0 0 9.99999974737875E-05 0 0 0 0 0 0 0 5.29000014066696E-02 9.29000005125999E-02 .102899998426437 .112899996340275 .152899995446205 .182899996638298 .232899993658066 .252900004386902 .322899997234344 .302899986505508 .362899988889694 .272899985313416 .332899987697601 .322899997234344 .432900011539459 .402900010347366 .442900002002716 .412900000810623 .682900011539459 .732900023460388 .752900004386902 .762899994850159 .85290002822876 .88289999961853 .842899978160858 .85290002822876 .642899990081787 1.29000004380941E-02 0 -999.9990234375 -999.9990234375 -999.9990234375 -999.9990234375 -999.9990234375 -999.9990234375 -999.9990234375 -999.9990234375 -999.9990234375 -999.9990234375 -999.9990234375 -999.9990234375 -999.9990234375
2.19000000506639E-02 1.88999995589256E-02 0 0 0 0 0 0 0 0 0 0 0 0 0 0 3.29000018537045E-02 5.29000014066696E-02 6.28999993205071E-02 8.29000025987625E-02 .13289999961853 .192900002002716 .232899993658066 .232899993658066 .322899997234344 .312900006771088 .312900006771088 .372900009155273 .332899987697601 .412900000810623 .342900007963181 .412900000810623 .372900009155273 .38289999961853 .38289999961853 .862900018692017 .972899973392487 1.0029000043869 .96289998292923 .942900002002716 .972899973392487 .762899994850159 .522899985313416 .142900004982948 0 0 -999.9990234375 -999.9990234375 -999.9990234375 -999.9990234375 -999.9990234375 -999.9990234375 -999.9990234375 -999.9990234375 -999.9990234375 -999.9990234375 -999.9990234375 -999.9990234375 -999.9990234375
0 3.10000008903444E-03 0 0 0 0 0 0 0 0 0 0 0 0 0 0 4.28999997675419E-02 5.29000014066696E-02 7.28999972343445E-02 .102899998426437 .152899995446205 .192900002002716 .312900006771088 .272899985313416 .372900009155273 .332899987697601 .332899987697601 .372900009155273 .392899990081787 .312900006771088 .322899997234344 .372900009155273 .412900000810623 .352899998426437 .42289999127388 .592899978160858 .932900011539459 .772899985313416 .662899971008301 .452899992465973 .112899996340275 0 0 0 0 0 -999.9990234375 -999.9990234375 -999.9990234375 -999.9990234375 -999.9990234375 -999.9990234375 -999.9990234375 -999.9990234375 -999.9990234375 -999.9990234375 -999.9990234375 -999.9990234375 -999.9990234375
0 0 0 0 0 0 0 0 0 0 0 0 0 0 0 0 5.29000014066696E-02 0 9.29000005125999E-02 .202900007367134 .112899996340275 .212899997830391 .372900009155273 .402900010347366 .412900000810623 .442900002002716 .372900009155273 .372900009155273 .38289999961853 .302899986505508 .302899986505508 .272899985313416 .42289999127388 .13289999961853 0 .272899985313416 6.28999993205071E-02 0 0 0 0 0 0 0 0 .237499997019768 -999.9990234375 -999.9990234375 -999.9990234375 -999.9990234375 -999.9990234375 -999.9990234375 -999.9990234375 -999.9990234375 -999.9990234375 -999.9990234375 -999.9990234375 -999.9990234375 -999.9990234375
0 0 0 0 0 0 0 0 0 0 0 0 0 0 0 0 0 .112899996340275 .142900004982948 6.28999993205071E-02 .13289999961853 .302899986505508 .352899998426437 .42289999127388 .492900013923645 .562900006771088 .37279999256134 .402900010347366 .312900006771088 .432900011539459 .412900000810623 .272899985313416 .172900006175041 6.30000000819564E-03 0 0 0 0 0 0 0 4.74999994039536E-02 .117499999701977 .167500004172325 .167500004172325 .157499998807907 .147499993443489 -999.9990234375 -999.9990234375 -999.9990234375 -999.9990234375 -999.9990234375 -999.9990234375 -999.9990234375 -999.9990234375 -999.9990234375 -999.9990234375 -999.9990234375 -999.9990234375
0 0 0 0 0 0 0 0 0 0 0 0 0 0 0 0 2.89999996311963E-03 .182899996638298 .13289999961853 .142900004982948 .232899993658066 .312900006771088 .42289999127388 .472900003194809 .532800018787384 .552799999713898 .492799997329712 .37279999256134 .37279999256134 .292800009250641 0 0 6.50000013411045E-03 1.36000001803041E-02 0 0 0 0 0 0 0 0 .107500001788139 .147499993443489 .137500002980232 .147499993443489 .147499993443489 .137500002980232 -999.9990234375 -999.9990234375 -999.9990234375 -999.9990234375 -999.9990234375 -999.9990234375 -999.9990234375 -999.9990234375 -999.9990234375 -999.9990234375 -999.9990234375
4.19999985024333E-03 .023199999704957 0 0 0 0 0 0 0 0 0 0 0 0 0 0 3.29000018537045E-02 6.28999993205071E-02 .172900006175041 .292899996042252 .282900005578995 .392899990081787 .482899993658066 .512899994850159 .512799978256226 .532800018787384 .532800018787384 .432799994945526 0 0 1.00000004749745E-03 1.00000004749745E-03 1.09999999403954E-03 0 0 0 0 0 0 0 0 0 0 .137500002980232 .137500002980232 .157499998807907 .137500002980232 .137500002980232 0 -999.9990234375 -999.9990234375 -999.9990234375 -999.9990234375 -999.9990234375 -999.9990234375 -999.9990234375 -999.9990234375 -999.9990234375 -999.9990234375
2.03000009059906E-02 0 2.63999998569489E-02 0 0 0 0 0 0 0 0 0 0 0 0 0 2.29000002145767E-02 6.28999993205071E-02 .112899996340275 .142900004982948 .262899994850159 .442900002002716 .502900004386902 .492900013923645 .532800018787384 .552799999713898 .482800006866455 .252799987792969 1.25000001862645E-02 0 1.09999999403954E-03 3.9999998989515E-04 0 0 0 0 2.88999993354082E-02 0 0 0 0 0 0 1.75000000745058E-02 .117499999701977 .127499997615814 .1875 2.74999998509884E-02 0 0 -999.9990234375 -999.9990234375 -999.9990234375 -999.9990234375 -999.9990234375 -999.9990234375 -999.9990234375 -999.9990234375 -999.9990234375
9.60000045597553E-03 5.79999992623925E-03 1.83000005781651E-02 2.91000008583069E-02 0 0 0 0 0 0 0 0 0 0 0 0 0 2.29000002145767E-02 8.29000025987625E-02 .13289999961853 .172900006175041 .332899987697601 .532800018787384 .412800014019012 .332800000905991 .382699996232986 .252799987792969 8.25000032782555E-02 0 0 0 0 0 0 8.65999981760979E-02 .066600002348423 .011400000192225 3.88999991118908E-02 0 0 0 0 0 0 8.74999985098839E-02 .127499997615814 .137500002980232 0 0 0 -999.9990234375 -999.9990234375 -999.9990234375 -999.9990234375 -999.9990234375 -999.9990234375 -999.9990234375 -999.9990234375 -999.9990234375
3.00000014249235E-04 0 0 2.08000000566244E-02 8.16000029444695E-02 0 0 0 0 0 0 0 0 0 0 0 0 4.28999997675419E-02 7.28999972343445E-02 .122900001704693 .222900003194809 .192900002002716 .112800002098083 .132599994540215 .142199993133545 3.03000006824732E-02 0 0 0 0 0 0 0 0 0 0 6.88999965786934E-02 8.89999978244305E-03 0 0 0 0 0 0 0 .167500004172325 .127499997615814 .067500002682209 0 0 0 -999.9990234375 -999.9990234375 -999.9990234375 -999.9990234375 -999.9990234375 -999.9990234375 -999.9990234375 -999.9990234375
0 1.37000000104308E-02 .023700000718236 0 3.44999991357327E-02 0 0 0 0 0 0 0 0 0 0 0 0 1.29000004380941E-02 9.29000005125999E-02 7.28999972343445E-02 0 0 0 0 0 4.43999990820885E-02 1.07000004500151E-02 .187900006771088 .178100004792213 0 0 2.61000003665686E-02 0 0 0 0 0 0 0 0 0 0 0 0 0 .117499999701977 9.74999964237213E-02 0 0 0 0 0 -999.9990234375 -999.9990234375 -999.9990234375 -999.9990234375 -999.9990234375 -999.9990234375 -999.9990234375
0 3.37000004947186E-02 1.36000001803041E-02 3.28000001609325E-02 0 0 0 0 0 0 0 0 0 0 0 0 0 4.28999997675419E-02 0 0 0 0 .140000000596046 0 2.88999993354082E-02 6.68999999761581E-02 .233199998736382 .150299996137619 .149599999189377 0 0 2.09999992512167E-03 0 0 0 9.30000003427267E-03 4.93000000715256E-02 8.92999991774559E-02 0 0 0 0 0 0 0 0 0 0 3.73000018298626E-02 0 0 0 0 -999.9990234375 -999.9990234375 -999.9990234375 -999.9990234375 -999.9990234375 -999.9990234375
0 1.37999998405576E-02 2.40000002086163E-02 8.99999961256981E-03 0 0 0 0 0 0 0 0 0 0 0 0 0 0 0 0 0 0 1.08000002801418E-02 1.11999996006489E-02 2.63999998569489E-02 2.11999993771315E-02 .104699999094009 1.36000001803041E-02 .149100005626678 .068000003695488 0 4.19999985024333E-03 .147699996829033 0 0 .069300003349781 4.93000000715256E-02 7.93000012636185E-02 0 0 0 0 0 0 0 .017000000923872 .046900000423193 5.64999990165234E-02 3.66999991238117E-02 1.51000004261732E-02 0 0 0 0 -999.9990234375 -999.9990234375 -999.9990234375 -999.9990234375 -999.9990234375
1.89999993890524E-02 0 0 9.99999977648258E-03 6.98999986052513E-02 0 0 0 0 0 0 0 0 0 0 0 0 0 0 0 0 0 5.9000002220273E-03 0 4.12000007927418E-02 1.99999994947575E-04 1.53000000864267E-02 5.60000017285347E-02 0 3.79000008106232E-02 8.77000018954277E-02 7.68000036478043E-02 7.71000012755394E-02 0 0 5.93000017106533E-02 7.93000012636185E-02 4.93000000715256E-02 0 0 0 0 5.15000000596046E-02 4.25999984145164E-02 0 2.74000000208616E-02 .008500000461936 1.5999999595806E-03 1.79999996908009E-03 0 0 0 0 0 0 -999.9990234375 -999.9990234375 -999.9990234375 -999.9990234375
