sobek/Simulation Result/Existing/Q25.asc
nCols        140
nRows        174
xllCorner    108250
yllCorner    537700
CellSize     25
nodata_value -999.999
[rows 125 to 149 of 174, columns 0 to 56 of 140]
-999.9990234375 -999.9990234375 -999.9990234375 -999.9990234375 -999.9990234375 -999.9990234375 -999.9990234375 -999.9990234375 -999.9990234375 -999.9990234375 -999.9990234375 -999.9990234375 -999.9990234375 -999.9990234375 -999.9990234375 -999.9990234375 -999.9990234375 -999.9990234375 -999.9990234375 -999.9990234375 0 0 0 0 0 0 0 0 0 0 0 0 0 0 9.80000011622906E-03 .065700002014637 5.66000007092953E-02 0 0 0 .179100006818771 .189099997282028 .129099994897842 7.90999978780746E-02 7.90999978780746E-02 6.89999982714653E-02 .108999997377396 .12899999320507 .138999998569489 .12899999320507 .138999998569489 6.89999982714653E-02 5.90000003576279E-02 3.90000008046627E-02 0 0 0
-999.9990234375 -999.9990234375 -999.9990234375 -999.9990234375 -999.9990234375 -999.9990234375 -999.9990234375 -999.9990234375 -999.9990234375 -999.9990234375 -999.9990234375 -999.9990234375 -999.9990234375 -999.9990234375 -999.9990234375 -999.9990234375 -999.9990234375 -999.9990234375 0 0 0 0 0 0 0 0 0 0 0 0 0 0 0 0 0 0 .089199997484684 9.20000020414591E-03 2.92000006884336E-02 .259200006723404 .229100003838539 5.90999983251095E-02 6.90999999642372E-02 6.90999999642372E-02 6.90999999642372E-02 5.90999983251095E-02 .028999999165535 .108999997377396 8.90000015497208E-02 8.90000015497208E-02 .108999997377396 .108999997377396 5.90000003576279E-02 .028999999165535 0 0 0
-999.9990234375 -999.9990234375 -999.9990234375 -999.9990234375 -999.9990234375 -999.9990234375 -999.9990234375 -999.9990234375 -999.9990234375 -999.9990234375 -999.9990234375 -999.9990234375 -999.9990234375 -999.9990234375 -999.9990234375 -999.9990234375 -999.9990234375 0 0 0 0 0 0 0 0 0 0 0 0 0 0 0 0 0 0 0 7.91999995708466E-02 .119199998676777 .119199998676777 5.92000000178814E-02 7.91999995708466E-02 7.91999995708466E-02 9.10000037401915E-03 0 0 0 0 0 0 0 5.90000003576279E-02 .138999998569489 6.89999982714653E-02 1.89999993890524E-02 0 0 0
-999.9990234375 -999.9990234375 -999.9990234375 -999.9990234375 -999.9990234375 -999.9990234375 -999.9990234375 -999.9990234375 -999.9990234375 -999.9990234375 -999.9990234375 -999.9990234375 -999.9990234375 -999.9990234375 -999.9990234375 0 0 0 0 0 0 0 0 0 0 0 0 0 0 0 0 0 0 0 0 0 .169200003147125 7.91999995708466E-02 5.92000000178814E-02 .089199997484684 7.91999995708466E-02 .089199997484684 0 0 0 0 0 0 0 0 0 0 9.89999994635582E-02 0 0 0 0
-999.9990234375 -999.9990234375 -999.9990234375 -999.9990234375 -999.9990234375 -999.9990234375 -999.9990234375 -999.9990234375 -999.9990234375 -999.9990234375 -999.9990234375 -999.9990234375 -999.9990234375 0 0 0 0 0 0 0 0 0 0 0 0 0 0 0 0 0 0 0 .159199997782707 0 0 3.97999994456768E-02 6.94999992847443E-02 2.93000005185604E-02 5.92000000178814E-02 6.92000016570091E-02 3.92000004649162E-02 2.92000006884336E-02 1.92000009119511E-02 0 0 0 0 0 0 0 0 0 8.99999961256981E-03 0 0 0 0
-999.9990234375 -999.9990234375 -999.9990234375 -999.9990234375 -999.9990234375 -999.9990234375 -999.9990234375 -999.9990234375 -999.9990234375 -999.9990234375 -999.9990234375 0 0 0 0 0 0 0 0 0 0 0 0 0 0 0 0 0 0 0 .109200000762939 7.91999995708466E-02 .179199993610382 5.92000000178814E-02 0 0 4.36000004410744E-02 2.07000002264977E-02 1.95000004023314E-02 9.30000003427267E-03 1.00000004749745E-03 0 0 0 0 0 0 0 0 0 0 0 0 0 0 0 0
-999.9990234375 -999.9990234375 -999.9990234375 -999.9990234375 -999.9990234375 -999.9990234375 -999.9990234375 -999.9990234375 -999.9990234375 0 0 0 0 0 0 0 0 0 0 0 0 0 0 0 0 0 0 0 0 1.92000009119511E-02 4.91999983787537E-02 0 3.92000004649162E-02 2.92000006884336E-02 0 0 0 .044599998742342 0 0 1.00000004749745E-03 0 0 9.20000020414591E-03 0 0 0 0 0 0 0 0 0 0 0 0 0
-999.9990234375 -999.9990234375 -999.9990234375 0 0 0 -999.9990234375 -999.9990234375 0 0 0 0 0 0 0 0 0 0 0 0 0 0 0 0 0 .409200012683868 0 0 0 0 0 0 0 0 0 0 0 7.49999983236194E-03 0 0 1.21999997645617E-02 2.17000003904104E-02 1.98999997228384E-02 .065700002014637 0 0 0 0 0 0 0 0 0 0 0 0 0
-999.9990234375 0 0 0 0 0 0 0 0 0 0 0 0 0 0 0 0 0 0 0 0 0 0 0 .379200011491776 .169200003147125 0 0 0 0 0 0 0 0 0 0 0 0 3.97999994456768E-02 1.20000001043081E-02 1.25000001862645E-02 .032600000500679 1.18000004440546E-02 8.99999961256981E-03 9.20000020414591E-03 0 0 0 0 0 0 0 0 0 0 0 0
-999.9990234375 -999.9990234375 0 0 0 0 0 0 0 0 0 0 0 0 0 0 0 0 0 0 0 0 0 .179199993610382 0 0 0 0 0 0 0 0 0 0 0 0 0 0 8.12000036239624E-02 2.27000005543232E-02 4.34000007808208E-02 2.38000005483627E-02 3.42000015079975E-02 2.27000005543232E-02 3.73000018298626E-02 0 0 0 0 0 0 0 0 0 0 0 0
-999.9990234375 -999.9990234375 -999.9990234375 -999.9990234375 0 0 0 0 0 0 0 0 0 0 0 0 0 0 0 0 0 .239199995994568 2.93000005185604E-02 2.93000005185604E-02 0 0 0 0 0 0 0 7.79999978840351E-03 0 0 0 0 0 0 0 .1233000010252 2.40000002086163E-02 .065200001001358 6.53000026941299E-02 4.52999994158745E-02 3.1999999191612E-03 0 0 0 0 .031300000846386 0 0 0 0 0 0 0
-999.9990234375 -999.9990234375 -999.9990234375 -999.9990234375 0 0 0 0 0 0 0 .24770000576973 0 0 0 0 0 0 0 .1891999989748 .109300002455711 4.93000000715256E-02 0 0 0 0 0 0 0 7.79999978840351E-03 2.77999993413687E-02 2.77999993413687E-02 3.77999991178513E-02 7.69999995827675E-03 1.76999997347593E-02 7.60000012814999E-03 4.74999994039536E-02 0 0 8.37000012397766E-02 7.42999985814095E-02 4.52999994158745E-02 .065700002014637 3.68000008165836E-02 0 0 0 0 0 0 0 0 0 0 0 0 0
-999.9990234375 -999.9990234375 0 0 0 0 0 0 9.4999996945262E-03 0 0 .117700003087521 .417699992656708 0 0 0 0 0 5.92000000178814E-02 0 0 6.69999979436398E-03 2.52000000327826E-02 7.79999978840351E-03 8.79999995231628E-03 5.93000017106533E-02 2.94000003486872E-02 1.95000004023314E-02 0 0 .047800000756979 6.78000003099442E-02 2.77999993413687E-02 5.77000007033348E-02 2.76999995112419E-02 2.75999996811152E-02 1.75000000745058E-02 2.74000000208616E-02 7.1000000461936E-03 6.20000017806888E-03 8.47000032663345E-02 5.57999983429909E-02 4.67999987304211E-02 7.69999995827675E-02 0 0 0 0 0 1.50000001303852E-03 2.96000000089407E-02 0 0 2.70000007003546E-03 1.24000003561378E-02 3.24000008404255E-02 4.28000018000603E-02
-999.9990234375 0 0 0 0 2.85999998450279E-02 2.74000000208616E-02 .044599998742342 6.19000010192394E-02 8.00999999046326E-02 0 0 3.77000011503696E-02 .267699986696243 0 0 .099200002849102 1.93000007420778E-02 9.30000003427267E-03 5.10000018402934E-03 1.68999992311001E-02 3.33000011742115E-02 2.64999996870756E-02 2.82000005245209E-02 3.90000008046627E-02 4.91999983787537E-02 1.95000004023314E-02 9.70000028610229E-03 0 0 2.77999993413687E-02 6.78000003099442E-02 3.77999991178513E-02 6.76999986171722E-02 6.76999986171722E-02 3.75999994575977E-02 2.74000000208616E-02 2.73000001907349E-02 7.72999972105026E-02 1.72000005841255E-02 5.68000003695488E-02 .106799997389317 8.70999991893768E-02 8.70999991893768E-02 5.71000017225742E-02 0 0 0 1.99999994947575E-04 2.39000003784895E-02 4.34999987483025E-02 .011400000192225 3.44999991357327E-02 4.43999990820885E-02 1.32999997586012E-02 5.27000017464161E-02 1.26000000163913E-02
-999.9990234375 0 1.90999992191792E-02 .049600001424551 6.62999972701073E-02 .160300001502037 5.75999990105629E-02 .125100001692772 8.32000002264977E-02 .108800001442432 .105999998748302 0 0 0 0 0 5.93000017106533E-02 1.71000007539988E-02 2.44999993592501E-02 5.40999993681908E-02 4.43999990820885E-02 1.62000004202127E-02 4.80999983847141E-02 4.85999993979931E-02 4.89999987185001E-02 5.92000000178814E-02 1.96000002324581E-02 9.89999994635582E-03 1.00000004749745E-03 6.00000005215406E-03 5.2000000141561E-03 3.77999991178513E-02 3.77999991178513E-02 3.77000011503696E-02 5.77000007033348E-02 3.75999994575977E-02 5.73999993503094E-02 .0472999997437 2.72000003606081E-02 .046900000423193 .067100003361702 9.70999971032143E-02 8.72000008821487E-02 8.72000008821487E-02 .157299995422363 0 0 0 6.97999969124794E-02 2.08999998867512E-02 1.08000002801418E-02 .108300000429153 4.56999987363815E-02 8.43999981880188E-02 7.41999968886375E-02 .063900001347065 2.36000008881092E-02
-999.9990234375 -999.9990234375 -999.9990234375 2.53999996930361E-02 .058899998664856 6.87000006437302E-02 .106799997389317 .11599999666214 8.51000025868416E-02 4.58999983966351E-02 .088699996471405 .117899999022484 8.39999970048666E-03 0 .12720000743866 8.33000019192696E-02 2.93000005185604E-02 2.61000003665686E-02 2.95000001788139E-02 4.72000017762184E-02 3.61000001430511E-02 2.74999998509884E-02 3.83000001311302E-02 3.86000014841557E-02 3.92000004649162E-02 4.91999983787537E-02 3.00999991595745E-02 1.50000001303852E-03 2.21999995410442E-02 3.15000005066395E-02 5.40000014007092E-03 0 1.78999993950129E-02 2.76999995112419E-02 4.76999990642071E-02 1.75999999046326E-02 0 1.31999999284744E-02 1.75999999046326E-02 5.73000013828278E-02 8.72000008821487E-02 9.73000004887581E-02 9.73000004887581E-02 8.73000025749207E-02 7.73999989032745E-02 .087399996817112 0 3.95999997854233E-02 3.97000014781952E-02 3.97999994456768E-02 4.80000022798777E-03 7.49999983236194E-03 9.66000035405159E-02 5.48000000417233E-02 2.44999993592501E-02 5.40999993681908E-02 3.39000001549721E-02
-999.9990234375 -999.9990234375 -999.9990234375 -999.9990234375 0 3.84000018239021E-02 8.76000002026558E-02 8.66999998688698E-02 8.55000019073486E-02 6.54999986290932E-02 2.51000002026558E-02 8.94000008702278E-02 .179199993610382 7.82999992370605E-02 5.20999990403652E-02 .061599999666214 2.95000001788139E-02 4.47999984025955E-02 5.66000007092953E-02 4.21000011265278E-02 8.20000004023314E-03 3.83000001311302E-02 .048700001090765 1.18000004440546E-02 3.50000001490116E-02 6.09999988228083E-03 3.20999994874001E-02 .012699999846518 3.26999984681606E-02 2.23999992012978E-02 1.09999999403954E-02 6.30000000819564E-03 0 1.75999999046326E-02 0 0 0 3.29000018537045E-02 .013399999588728 5.73999993503094E-02 6.74000009894371E-02 .087399996817112 .087399996817112 .087399996817112 9.74999964237213E-02 .127499997615814 1.75000000745058E-02 8.10000021010637E-03 2.92000006884336E-02 1.96000002324581E-02 9.20000020414591E-03 1.13000003620982E-02 8.61999988555908E-02 6.56000003218651E-02 5.49999997019768E-02 6.44000023603439E-02 4.43999990820885E-02
-999.9990234375 -999.9990234375 -999.9990234375 -999.9990234375 -999.9990234375 -999.9990234375 1.09999999403954E-02 5.68000003695488E-02 8.64000022411346E-02 4.58999983966351E-02 2.03000009059906E-02 5.02000004053116E-02 6.04000017046928E-02 0 0 3.37999984622002E-02 5.77000007033348E-02 4.30999994277954E-02 2.05000005662441E-02 1.19000002741814E-02 1.37999998405576E-02 1.85000002384186E-02 2.62000001966953E-02 4.28000018000603E-02 4.30000014603138E-02 4.19999994337559E-02 .0472999997437 4.56999987363815E-02 3.29999998211861E-02 2.30999998748302E-02 .023700000718236 4.56000007688999E-02 0 0 0 0 0 0 1.09000001102686E-02 0 9.74999964237213E-02 .117499999701977 .107500001788139 9.74999964237213E-02 9.75999981164932E-02 9.75999981164932E-02 9.75999981164932E-02 1.78999993950129E-02 3.84000018239021E-02 8.99999961256981E-03 0 0 0 7.63000026345253E-02 7.55999982357025E-02 3.48000004887581E-02 2.48000007122755E-02
-999.9990234375 -999.9990234375 -999.9990234375 -999.9990234375 -999.9990234375 -999.9990234375 -999.9990234375 0 0 0 0 0 0 0 0 0 1.86999998986721E-02 1.09000001102686E-02 1.86999998986721E-02 2.05000005662441E-02 1.19000002741814E-02 1.73000004142523E-02 2.73000001907349E-02 3.13999988138676E-02 2.39000003784895E-02 3.48999984562397E-02 6.85999989509583E-02 3.70000004768372E-02 0 1.35000003501773E-02 5.70000009611249E-03 0 0 0 0 0 0 2.07000002264977E-02 3.81000004708767E-02 4.90000005811453E-03 .127499997615814 9.75999981164932E-02 8.76000002026558E-02 9.75999981164932E-02 .117600001394749 4.76999990642071E-02 .137700006365776 5.77000007033348E-02 0 0 0 0 0 8.70000012218952E-03 .025900000706315 2.49000005424023E-02 7.47999995946884E-02
-999.9990234375 -999.9990234375 -999.9990234375 -999.9990234375 -999.9990234375 -999.9990234375 -999.9990234375 -999.9990234375 -999.9990234375 0 0 0 0 0 0 0 0 1.49999996647239E-02 2.39000003784895E-02 2.12999992072582E-02 3.37999984622002E-02 3.06000001728535E-02 7.41999968886375E-02 2.95000001788139E-02 3.02000008523464E-02 1.66999995708466E-02 1.86999998986721E-02 6.59999996423721E-03 0 0 0 2.89999996311963E-03 0 0 0 0 1.5999999595806E-03 5.68999983370304E-02 .031199999153614 1.67999994009733E-02 0 9.75999981164932E-02 8.77000018954277E-02 .137700006365776 .137700006365776 .167699992656708 .157800003886223 .187800005078316 0 0 0 7.89999961853027E-03 7.89999961853027E-03 5.79999992623925E-03 8.25000032782555E-02 2.63999998569489E-02 3.46999987959862E-02
-999.9990234375 -999.9990234375 -999.9990234375 -999.9990234375 -999.9990234375 -999.9990234375 -999.9990234375 -999.9990234375 -999.9990234375 -999.9990234375 -999.9990234375 -999.9990234375 0 0 0 0 0 5.49000017344952E-02 .049100000411272 1.04000000283122E-02 .049600001424551 3.79999987781048E-02 4.71000000834465E-02 2.88999993354082E-02 3.95999997854233E-02 2.47000008821487E-02 .022299999371171 0 0 0 0 0 0 0 0 .031700000166893 6.03000000119209E-02 7.91999995708466E-02 1.26000000163913E-02 8.10000021010637E-03 3.59999993816018E-03 8.77000018954277E-02 .157700002193451 .157700002193451 .157700002193451 .147799998521805 .157800003886223 .187800005078316 6.78000003099442E-02 0 1.78999993950129E-02 3.79000008106232E-02 7.89999961853027E-03 1.09999999403954E-02 3.13999988138676E-02 4.12000007927418E-02 2.47000008821487E-02
-999.9990234375 -999.9990234375 -999.9990234375 -999.9990234375 -999.9990234375 -999.9990234375 -999.9990234375 -999.9990234375 -999.9990234375 -999.9990234375 -999.9990234375 -999.9990234375 -999.9990234375 -999.9990234375 0 0 0 0 4.65999990701675E-02 6.04999996721745E-02 .031300000846386 2.72000003606081E-02 4.25000004470348E-02 3.20000015199184E-02 4.36000004410744E-02 0 0 0 0 0 0 0 0 0 0 8.34000036120415E-02 5.09000010788441E-02 .050500001758337 4.10000002011657E-03 1.09999999403954E-03 0 0 .137700006365776 .127700001001358 .16779999434948 .187800005078316 .16779999434948 .137799993157387 .207800000905991 2.78999991714954E-02 3.79000008106232E-02 1.78999993950129E-02 2.78999991714954E-02 6.00000005215406E-03 0 2.16000005602837E-02 0
-999.9990234375 -999.9990234375 -999.9990234375 -999.9990234375 -999.9990234375 -999.9990234375 -999.9990234375 -999.9990234375 -999.9990234375 -999.9990234375 -999.9990234375 -999.9990234375 -999.9990234375 -999.9990234375 -999.9990234375 -999.9990234375 -999.9990234375 0 2.30999998748302E-02 2.20999997109175E-02 6.53000026941299E-02 5.31999990344048E-02 4.32999990880489E-02 0 0 0 0 0 0 0 0 0 0 0 0 3.48999984562397E-02 4.4999998062849E-03 1.20000005699694E-03 1.50000001303852E-03 0 0 0 8.77000018954277E-02 5.77000007033348E-02 .147799998521805 .12780000269413 .177799999713898 .157800003886223 .177799999713898 .127900004386902 2.78999991714954E-02 1.78999993950129E-02 2.78999991714954E-02 0 0 0 5.82999996840954E-02
-999.9990234375 -999.9990234375 -999.9990234375 -999.9990234375 -999.9990234375 -999.9990234375 -999.9990234375 -999.9990234375 -999.9990234375 -999.9990234375 -999.9990234375 -999.9990234375 -999.9990234375 -999.9990234375 -999.9990234375 -999.9990234375 -999.9990234375 -999.9990234375 -999.9990234375 0 0 6.89999992027879E-03 0 0 0 0 0 0 0 0 0 0 0 0 0 0 4.10999990999699E-02 0 0 3.70000000111759E-03 0 0 0 3.06000001728535E-02 6.78000003099442E-02 .117799997329712 .137799993157387 .147900000214577 .127900004386902 .137899994850159 0 0 0 0 8.2999998703599E-03 .118299998342991 .148300006985664
-999.9990234375 -999.9990234375 -999.9990234375 -999.9990234375 -999.9990234375 -999.9990234375 -999.9990234375 -999.9990234375 -999.9990234375 -999.9990234375 -999.9990234375 -999.9990234375 -999.9990234375 -999.9990234375 -999.9990234375 -999.9990234375 -999.9990234375 -999.9990234375 -999.9990234375 -999.9990234375 -999.9990234375 0 0 0 0 0 0 7.19999987632036E-03 9.99999974737875E-05 0 0 0 0 0 0 0 0 1.29000004380941E-02 1.20000001043081E-02 3.1999999191612E-03 2.70000007003546E-03 1.20000005699694E-03 1.00000004749745E-03 2.77999993413687E-02 5.77999986708164E-02 6.78000003099442E-02 .107900001108646 .137899994850159 .127900004386902 .097900003194809 7.80000016093254E-02 0 0 8.2999998703599E-03 .108300000429153 .098300002515316 .108300000429153
