sobek/Simulation Result/Existing/Q25.asc
nCols        140
nRows        174
xllCorner    108250
yllCorner    537700
CellSize     25
nodata_value -999.999
[rows 100 to 124 of 174, columns 57 to 113 of 140]
0 0 0 0 0 0 0 0 0 0 0 0 0 0 0 0 0 0 5.22000007331371E-02 3.51000018417835E-02 4.23999987542629E-02 2.53999996930361E-02 .19879999756813 0 0 0 0 .131500005722046 .091499999165535 .101499997079372 6.15000016987324E-02 3.13999988138676E-02 .171399995684624 .161300003528595 .111299999058247 0 .121100001037121 .161100000143051 0 0 -999.9990234375 -999.9990234375 -999.9990234375 -999.9990234375 -999.9990234375 -999.9990234375 -999.9990234375 -999.9990234375 -999.9990234375 -999.9990234375 -999.9990234375 -999.9990234375 -999.9990234375 -999.9990234375 -999.9990234375 -999.9990234375 -999.9990234375
0 0 0 0 0 0 0 0 0 0 0 0 0 0 0 0 0 0 2.43999995291233E-02 .063000001013279 2.49000005424023E-02 .012699999846518 2.66999993473291E-02 .106100000441074 0 0 0 1.50000001303852E-03 7.15999975800514E-02 .101599998772144 .101599998772144 .121500000357628 .11150000244379 .151399999856949 6.12999983131886E-02 0 .191100001335144 0 0 -999.9990234375 -999.9990234375 -999.9990234375 -999.9990234375 -999.9990234375 -999.9990234375 -999.9990234375 -999.9990234375 -999.9990234375 -999.9990234375 -999.9990234375 -999.9990234375 -999.9990234375 -999.9990234375 -999.9990234375 -999.9990234375 -999.9990234375 -999.9990234375
0 0 0 0 0 0 0 0 0 0 0 0 0 0 0 0 0 0 0 7.59000033140183E-02 1.63000002503395E-02 2.76999995112419E-02 2.19000000506639E-02 1.27999996766448E-02 7.53000006079674E-02 7.69999995827675E-03 0 0 3.15999984741211E-02 .1216000020504 .1216000020504 .111599996685982 .151600003242493 .131500005722046 1.50000001303852E-03 3.15999984741211E-02 0 0 -999.9990234375 -999.9990234375 -999.9990234375 -999.9990234375 -999.9990234375 -999.9990234375 -999.9990234375 -999.9990234375 -999.9990234375 -999.9990234375 -999.9990234375 -999.9990234375 -999.9990234375 -999.9990234375 -999.9990234375 -999.9990234375 -999.9990234375 -999.9990234375 -999.9990234375
0 0 0 0 0 0 0 0 0 0 0 0 0 0 0 0 0 0 0 0 1.81000009179115E-02 3.03000006824732E-02 4.4999998062849E-03 0 5.16999997198582E-02 7.82999992370605E-02 0 0 0 0 .181600004434586 .1216000020504 .1216000020504 .131600007414818 .131600007414818 .191599994897842 0 0 -999.9990234375 -999.9990234375 -999.9990234375 -999.9990234375 -999.9990234375 -999.9990234375 -999.9990234375 -999.9990234375 -999.9990234375 -999.9990234375 -999.9990234375 -999.9990234375 -999.9990234375 -999.9990234375 -999.9990234375 -999.9990234375 -999.9990234375 -999.9990234375 -999.9990234375
0 0 0 0 0 0 0 0 0 0 0 0 0 0 0 0 0 0 0 0 0 0 7.40000000223517E-03 0 0 8.48999992012978E-02 8.28000009059906E-02 .02280000038445 2.79999990016222E-03 2.60000000707805E-03 7.15999975800514E-02 .161699995398521 .171700000762939 .151700004935265 .251599997282028 0 0 -999.9990234375 -999.9990234375 -999.9990234375 -999.9990234375 -999.9990234375 -999.9990234375 -999.9990234375 -999.9990234375 -999.9990234375 -999.9990234375 -999.9990234375 -999.9990234375 -999.9990234375 -999.9990234375 -999.9990234375 -999.9990234375 -999.9990234375 -999.9990234375 -999.9990234375 -999.9990234375
0 0 0 0 0 0 0 0 0 0 0 0 0 0 0 0 0 0 0 0 0 0 0 1.29000004380941E-02 3.29000018537045E-02 0 .092799998819828 4.28000018000603E-02 .02280000038445 1.27999996766448E-02 2.30000005103648E-03 8.16999971866608E-02 .151700004935265 .161699995398521 0 0 -999.9990234375 -999.9990234375 -999.9990234375 -999.9990234375 -999.9990234375 -999.9990234375 -999.9990234375 -999.9990234375 -999.9990234375 -999.9990234375 -999.9990234375 -999.9990234375 -999.9990234375 -999.9990234375 -999.9990234375 -999.9990234375 -999.9990234375 -999.9990234375 -999.9990234375 -999.9990234375 -999.9990234375
0 0 0 0 0 0 0 0 0 0 0 0 0 0 9.99999977648258E-03 9.99999974737875E-05 0 0 0 0 0 0 1.31000000983477E-02 0 4.28999997675419E-02 7.28999972343445E-02 5.29000014066696E-02 .122800000011921 .102799996733665 4.28000018000603E-02 3.24999988079071E-02 6.17999993264675E-02 .181799992918968 .101700000464916 0 -999.9990234375 -999.9990234375 -999.9990234375 -999.9990234375 -999.9990234375 -999.9990234375 -999.9990234375 -999.9990234375 -999.9990234375 -999.9990234375 -999.9990234375 -999.9990234375 -999.9990234375 -999.9990234375 -999.9990234375 -999.9990234375 -999.9990234375 -999.9990234375 -999.9990234375 -999.9990234375 -999.9990234375 -999.9990234375
0 0 0 0 0 0 0 0 0 0 0 0 0 0 0 0 0 0 0 0 0 0 .046000000089407 2.29000002145767E-02 8.29000025987625E-02 .102899998426437 8.29000025987625E-02 7.28000029921532E-02 .112800002098083 .02280000038445 5.27000017464161E-02 1.25000001862645E-02 .212300002574921 0 0 -999.9990234375 -999.9990234375 -999.9990234375 -999.9990234375 -999.9990234375 -999.9990234375 -999.9990234375 -999.9990234375 -999.9990234375 -999.9990234375 -999.9990234375 -999.9990234375 -999.9990234375 -999.9990234375 -999.9990234375 -999.9990234375 -999.9990234375 -999.9990234375 -999.9990234375 -999.9990234375 -999.9990234375 -999.9990234375
0 0 0 0 0 0 0 0 0 0 0 0 0 0 0 0 0 0 0 0 0 3.04000005125999E-02 3.57999987900257E-02 .105700001120567 6.28999993205071E-02 2.29000002145767E-02 7.28999972343445E-02 5.29000014066696E-02 7.28000029921532E-02 .092799998819828 5.27999997138977E-02 .20270000398159 0 0 -999.9990234375 -999.9990234375 -999.9990234375 -999.9990234375 -999.9990234375 -999.9990234375 -999.9990234375 -999.9990234375 -999.9990234375 -999.9990234375 -999.9990234375 -999.9990234375 -999.9990234375 -999.9990234375 -999.9990234375 -999.9990234375 -999.9990234375 -999.9990234375 -999.9990234375 -999.9990234375 -999.9990234375 -999.9990234375 -999.9990234375
0 0 0 0 0 0 0 0 0 0 0 0 0 0 0 0 0 .032200001180172 9.70999971032143E-02 5.20000010728836E-02 0 0 0 2.89999996311963E-03 5.29000014066696E-02 3.29000018537045E-02 4.28999997675419E-02 7.28999972343445E-02 7.28999972343445E-02 8.29000025987625E-02 .152799993753433 .152700006961823 0 -999.9990234375 -999.9990234375 -999.9990234375 -999.9990234375 -999.9990234375 -999.9990234375 -999.9990234375 -999.9990234375 -999.9990234375 -999.9990234375 -999.9990234375 -999.9990234375 -999.9990234375 -999.9990234375 -999.9990234375 -999.9990234375 -999.9990234375 -999.9990234375 -999.9990234375 -999.9990234375 -999.9990234375 -999.9990234375 -999.9990234375 -999.9990234375
0 0 0 0 0 0 0 0 0 0 0 0 0 0 0 1.20999999344349E-02 .128499999642372 7.85000026226044E-02 5.71999996900558E-02 3.79000008106232E-02 0 0 5.00000023748726E-04 0 5.29000014066696E-02 3.29000018537045E-02 4.28999997675419E-02 6.28999993205071E-02 5.29000014066696E-02 6.28999993205071E-02 .222900003194809 0 0 -999.9990234375 -999.9990234375 -999.9990234375 -999.9990234375 -999.9990234375 -999.9990234375 -999.9990234375 -999.9990234375 -999.9990234375 -999.9990234375 -999.9990234375 -999.9990234375 -999.9990234375 -999.9990234375 -999.9990234375 -999.9990234375 -999.9990234375 -999.9990234375 -999.9990234375 -999.9990234375 -999.9990234375 -999.9990234375 -999.9990234375 -999.9990234375
0 0 0 0 0 0 0 0 0 0 0 0 0 0 0 1.67999994009733E-02 7.88000002503395E-02 .108599998056889 4.19999994337559E-02 2.97999996691942E-02 .010499999858439 4.99999988824129E-03 2.32999995350838E-02 2.45999991893768E-02 3.29000018537045E-02 2.29000002145767E-02 4.28999997675419E-02 3.29000018537045E-02 2.30000000447035E-02 .173099994659424 0 0 -999.9990234375 -999.9990234375 -999.9990234375 -999.9990234375 -999.9990234375 -999.9990234375 -999.9990234375 -999.9990234375 -999.9990234375 -999.9990234375 -999.9990234375 -999.9990234375 -999.9990234375 -999.9990234375 -999.9990234375 -999.9990234375 -999.9990234375 -999.9990234375 -999.9990234375 -999.9990234375 -999.9990234375 -999.9990234375 -999.9990234375 -999.9990234375 -999.9990234375
0 0 0 0 0 0 0 0 0 0 0 0 0 0 0 0 5.79000003635883E-02 5.73999993503094E-02 1.62000004202127E-02 3.06000001728535E-02 4.43999990820885E-02 2.97999996691942E-02 3.20999994874001E-02 0 7.28999972343445E-02 5.29000014066696E-02 3.29000018537045E-02 0 4.34000007808208E-02 2.33999993652105E-02 0 -999.9990234375 -999.9990234375 -999.9990234375 -999.9990234375 -999.9990234375 -999.9990234375 -999.9990234375 -999.9990234375 -999.9990234375 -999.9990234375 -999.9990234375 -999.9990234375 -999.9990234375 -999.9990234375 -999.9990234375 -999.9990234375 -999.9990234375 -999.9990234375 -999.9990234375 -999.9990234375 -999.9990234375 -999.9990234375 -999.9990234375 -999.9990234375 -999.9990234375 -999.9990234375
0 0 0 0 0 0 0 0 0 0 0 0 0 0 0 0 .046900000423193 4.47000004351139E-02 5.46999983489513E-02 1.15999998524785E-02 9.60000045597553E-03 0 0 0 0 0 0 0 5.35000003874302E-02 0 0 -999.9990234375 -999.9990234375 -999.9990234375 -999.9990234375 -999.9990234375 -999.9990234375 -999.9990234375 -999.9990234375 -999.9990234375 -999.9990234375 -999.9990234375 -999.9990234375 -999.9990234375 -999.9990234375 -999.9990234375 -999.9990234375 -999.9990234375 -999.9990234375 -999.9990234375 -999.9990234375 -999.9990234375 -999.9990234375 -999.9990234375 -999.9990234375 -999.9990234375 -999.9990234375
0 0 0 0 0 0 0 0 0 0 0 0 0 0 0 0 2.49999994412065E-03 1.97999998927116E-02 0 0 0 0 2.77999993413687E-02 5.77000007033348E-02 0 0 0 0 0 0 -999.9990234375 -999.9990234375 -999.9990234375 -999.9990234375 -999.9990234375 -999.9990234375 -999.9990234375 -999.9990234375 -999.9990234375 -999.9990234375 -999.9990234375 -999.9990234375 -999.9990234375 -999.9990234375 -999.9990234375 -999.9990234375 -999.9990234375 -999.9990234375 -999.9990234375 -999.9990234375 -999.9990234375 -999.9990234375 -999.9990234375 -999.9990234375 -999.9990234375 -999.9990234375 -999.9990234375
0 0 0 0 0 0 0 0 0 0 0 0 0 0 0 0 1.20000005699694E-03 .048200000077486 4.80999983847141E-02 6.80999979376793E-02 .118000000715256 8.78999978303909E-02 .137899994850159 7.77999982237816E-02 7.77999982237816E-02 .167699992656708 5.75999990105629E-02 0 0 -999.9990234375 -999.9990234375 -999.9990234375 -999.9990234375 -999.9990234375 -999.9990234375 -999.9990234375 -999.9990234375 -999.9990234375 -999.9990234375 -999.9990234375 -999.9990234375 -999.9990234375 -999.9990234375 -999.9990234375 -999.9990234375 -999.9990234375 -999.9990234375 -999.9990234375 -999.9990234375 -999.9990234375 -999.9990234375 -999.9990234375 -999.9990234375 -999.9990234375 -999.9990234375 -999.9990234375 -999.9990234375
0 0 0 0 0 0 0 0 0 0 9.48999971151352E-02 4.80000022798777E-03 .114699997007847 8.43999981880188E-02 6.41999989748001E-02 0 5.82999996840954E-02 .108199998736382 .158199995756149 .108199998736382 2.81000006943941E-02 0 0 0 0 8.77000018954277E-02 0 0 -999.9990234375 -999.9990234375 -999.9990234375 -999.9990234375 -999.9990234375 -999.9990234375 -999.9990234375 -999.9990234375 -999.9990234375 -999.9990234375 -999.9990234375 -999.9990234375 -999.9990234375 -999.9990234375 -999.9990234375 -999.9990234375 -999.9990234375 -999.9990234375 -999.9990234375 -999.9990234375 -999.9990234375 -999.9990234375 -999.9990234375 -999.9990234375 -999.9990234375 -999.9990234375 -999.9990234375 -999.9990234375 -999.9990234375
0 0 0 0 0 5.9000002220273E-03 .065700002014637 6.53999969363213E-02 1.53000000864267E-02 8.48999992012978E-02 .124899998307228 .164900004863739 8.47999975085258E-02 3.46000008285046E-02 2.14000009000301E-02 2.73000001907349E-02 0 0 7.79999978840351E-03 0 0 0 0 0 .107699997723103 .127700001001358 0 0 -999.9990234375 -999.9990234375 -999.9990234375 -999.9990234375 -999.9990234375 -999.9990234375 -999.9990234375 -999.9990234375 -999.9990234375 -999.9990234375 -999.9990234375 -999.9990234375 -999.9990234375 -999.9990234375 -999.9990234375 -999.9990234375 -999.9990234375 -999.9990234375 -999.9990234375 -999.9990234375 -999.9990234375 -999.9990234375 -999.9990234375 -999.9990234375 -999.9990234375 -999.9990234375 -999.9990234375 -999.9990234375 -999.9990234375
0 0 0 0 5.70000009611249E-03 5.70000009611249E-03 2.56999991834164E-02 0 3.48999984562397E-02 .124899998307228 .114900000393391 .114900000393391 .114900000393391 7.69999995827675E-03 2.67999991774559E-02 0 6.3999998383224E-03 1.63000002503395E-02 3.59999984502792E-02 4.63000014424324E-02 0 0 0 7.76999965310097E-02 .167699992656708 0 0 -999.9990234375 -999.9990234375 -999.9990234375 -999.9990234375 -999.9990234375 -999.9990234375 -999.9990234375 -999.9990234375 -999.9990234375 -999.9990234375 -999.9990234375 -999.9990234375 -999.9990234375 -999.9990234375 -999.9990234375 -999.9990234375 -999.9990234375 -999.9990234375 -999.9990234375 -999.9990234375 -999.9990234375 -999.9990234375 -999.9990234375 -999.9990234375 -999.9990234375 -999.9990234375 -999.9990234375 -999.9990234375 -999.9990234375 -999.9990234375
0 0 0 0 0 5.70000009611249E-03 1.56999994069338E-02 0 4.49000000953674E-02 .114900000393391 8.48999992012978E-02 8.48999992012978E-02 4.49000000953674E-02 0 0 3.00000002607703E-03 3.62000018358231E-02 3.62999998033047E-02 4.63000014424324E-02 5.62999993562698E-02 6.3999998383224E-03 0 4.76999990642071E-02 .187700003385544 0 0 -999.9990234375 -999.9990234375 -999.9990234375 -999.9990234375 -999.9990234375 -999.9990234375 -999.9990234375 -999.9990234375 -999.9990234375 -999.9990234375 -999.9990234375 -999.9990234375 -999.9990234375 -999.9990234375 -999.9990234375 -999.9990234375 -999.9990234375 -999.9990234375 -999.9990234375 -999.9990234375 -999.9990234375 -999.9990234375 -999.9990234375 -999.9990234375 -999.9990234375 -999.9990234375 -999.9990234375 -999.9990234375 -999.9990234375 -999.9990234375 -999.9990234375
0 0 0 0 0 2.55999993532896E-02 .015599999576807 5.29999984428287E-03 2.49000005424023E-02 8.48999992012978E-02 6.49000033736229E-02 5.49000017344952E-02 0 0 1.31999999284744E-02 2.08999998867512E-02 4.58999983966351E-02 4.65000011026859E-02 2.64999996870756E-02 5.62999993562698E-02 0 0 .117700003087521 .177699998021126 0 -999.9990234375 -999.9990234375 -999.9990234375 -999.9990234375 -999.9990234375 -999.9990234375 -999.9990234375 -999.9990234375 -999.9990234375 -999.9990234375 -999.9990234375 -999.9990234375 -999.9990234375 -999.9990234375 -999.9990234375 -999.9990234375 -999.9990234375 -999.9990234375 -999.9990234375 -999.9990234375 -999.9990234375 -999.9990234375 -999.9990234375 -999.9990234375 -999.9990234375 -999.9990234375 -999.9990234375 -999.9990234375 -999.9990234375 -999.9990234375 -999.9990234375 -999.9990234375
0 0 0 0 0 0 5.59999980032444E-03 0 0 4.49000000953674E-02 4.49000000953674E-02 0 0 0 0 2.34999991953373E-02 .017000000923872 .0472999997437 3.73999997973442E-02 1.67999994009733E-02 0 .137700006365776 .137700006365776 0 0 -999.9990234375 -999.9990234375 -999.9990234375 -999.9990234375 -999.9990234375 -999.9990234375 -999.9990234375 -999.9990234375 -999.9990234375 -999.9990234375 -999.9990234375 -999.9990234375 -999.9990234375 -999.9990234375 -999.9990234375 -999.9990234375 -999.9990234375 -999.9990234375 -999.9990234375 -999.9990234375 -999.9990234375 -999.9990234375 -999.9990234375 -999.9990234375 -999.9990234375 -999.9990234375 -999.9990234375 -999.9990234375 -999.9990234375 -999.9990234375 -999.9990234375 -999.9990234375
0 0 0 0 2.55999993532896E-02 0 4.56000007688999E-02 2.55999993532896E-02 5.49999997019768E-03 8.48999992012978E-02 2.49000005424023E-02 0 0 0 0 0 6.58999979496002E-02 4.91999983787537E-02 3.81999984383583E-02 1.54999997466803E-02 0 5.77000007033348E-02 0 0 -999.9990234375 -999.9990234375 -999.9990234375 -999.9990234375 -999.9990234375 -999.9990234375 -999.9990234375 -999.9990234375 -999.9990234375 -999.9990234375 -999.9990234375 -999.9990234375 -999.9990234375 -999.9990234375 -999.9990234375 -999.9990234375 -999.9990234375 -999.9990234375 -999.9990234375 -999.9990234375 -999.9990234375 -999.9990234375 -999.9990234375 -999.9990234375 -999.9990234375 -999.9990234375 -999.9990234375 -999.9990234375 -999.9990234375 -999.9990234375 -999.9990234375 -999.9990234375 -999.9990234375
0 0 0 0 4.56000007688999E-02 2.55999993532896E-02 7.55999982357025E-02 3.55999991297722E-02 2.55999993532896E-02 5.59999980032444E-03 4.56000007688999E-02 1.42000000923872E-02 0 0 0 0 0 0 0 4.03000004589558E-02 7.23000019788742E-02 0 0 -999.9990234375 -999.9990234375 -999.9990234375 -999.9990234375 -999.9990234375 -999.9990234375 -999.9990234375 -999.9990234375 -999.9990234375 -999.9990234375 -999.9990234375 -999.9990234375 -999.9990234375 -999.9990234375 -999.9990234375 -999.9990234375 -999.9990234375 -999.9990234375 -999.9990234375 -999.9990234375 -999.9990234375 -999.9990234375 -999.9990234375 -999.9990234375 -999.9990234375 -999.9990234375 -999.9990234375 -999.9990234375 -999.9990234375 -999.9990234375 -999.9990234375 -999.9990234375 -999.9990234375 -999.9990234375
0 0 0 0 4.56000007688999E-02 .015599999576807 4.56000007688999E-02 0 2.55999993532896E-02 7.55999982357025E-02 0 0 4.01000007987022E-02 0 0 0 1.39999995008111E-03 1.70000002253801E-03 2.32999995350838E-02 7.06000030040741E-02 0 0 0 -999.9990234375 -999.9990234375 -999.9990234375 -999.9990234375 -999.9990234375 -999.9990234375 -999.9990234375 -999.9990234375 -999.9990234375 -999.9990234375 -999.9990234375 -999.9990234375 -999.9990234375 -999.9990234375 -999.9990234375 -999.9990234375 -999.9990234375 -999.9990234375 -999.9990234375 -999.9990234375 -999.9990234375 -999.9990234375 -999.9990234375 -999.9990234375 -999.9990234375 -999.9990234375 -999.9990234375 -999.9990234375 -999.9990234375 -999.9990234375 -999.9990234375 -999.9990234375 -999.9990234375 -999.9990234375
