sobek/Simulation Result/Existing/Q25.asc
nCols        140
nRows        174
xllCorner    108250
yllCorner    537700
CellSize     25
nodata_value -999.999
[rows 25 to 49 of 174, columns 57 to 113 of 140]
0 0 1.65999997407198E-02 .146599993109703 .356599986553192 .2466000020504 0 0 0 0 0 0 0 .156200006604195 9.61999967694283E-02 .216100007295609 .216100007295609 .12610000371933 .106100000441074 .106100000441074 .176100000739098 .146099999547005 .12610000371933 .116099998354912 .12610000371933 .136099994182587 7.60999992489815E-02 0 0 -999.9990234375 -999.9990234375 -999.9990234375 -999.9990234375 -999.9990234375 -999.9990234375 -999.9990234375 -999.9990234375 -999.9990234375 -999.9990234375 -999.9990234375 -999.9990234375 -999.9990234375 -999.9990234375 -999.9990234375 -999.9990234375 -999.9990234375 -999.9990234375 -999.9990234375 -999.9990234375 -999.9990234375 -999.9990234375 -999.9990234375 -999.9990234375 -999.9990234375 -999.9990234375 -999.9990234375 -999.9990234375
.142299994826317 0 0 0 3.66000011563301E-02 3.66000011563301E-02 0 0 0 0 0 0 0 0 0 .136099994182587 .226099997758865 .276100009679794 .136099994182587 .136099994182587 .16609999537468 .186100006103516 .156100004911423 .16609999537468 .156100004911423 .286100000143051 .20610000193119 .196099996566772 .016100000590086 0 -999.9990234375 -999.9990234375 -999.9990234375 -999.9990234375 -999.9990234375 -999.9990234375 -999.9990234375 -999.9990234375 -999.9990234375 -999.9990234375 -999.9990234375 -999.9990234375 -999.9990234375 -999.9990234375 -999.9990234375 -999.9990234375 -999.9990234375 -999.9990234375 -999.9990234375 -999.9990234375 -999.9990234375 -999.9990234375 -999.9990234375 -999.9990234375 -999.9990234375 -999.9990234375 -999.9990234375
0 2.29000002145767E-02 .142199993133545 0 0 0 0 0 0 0 0 0 .216199994087219 .106200002133846 8.60999971628189E-02 .176100000739098 .20610000193119 .226099997758865 .286100000143051 .176100000739098 .176100000739098 .156100004911423 .156100004911423 .196099996566772 .266099989414215 .236100003123283 .256099998950958 .266099989414215 .256099998950958 .226099997758865 0 0 -999.9990234375 -999.9990234375 -999.9990234375 -999.9990234375 -999.9990234375 -999.9990234375 -999.9990234375 -999.9990234375 -999.9990234375 -999.9990234375 -999.9990234375 -999.9990234375 -999.9990234375 -999.9990234375 -999.9990234375 -999.9990234375 -999.9990234375 -999.9990234375 -999.9990234375 -999.9990234375 -999.9990234375 -999.9990234375 -999.9990234375 -999.9990234375 -999.9990234375
1.04000000283122E-02 0 0 .061999998986721 .170800000429153 0 0 0 6.59999996423721E-03 2.65999995172024E-02 0 6.3999998383224E-03 .226199999451637 .20610000193119 .196099996566772 .236100003123283 .256099998950958 .20610000193119 .236100003123283 .366100013256073 .20610000193119 .186100006103516 .16609999537468 .326099991798401 .216100007295609 .236100003123283 .256099998950958 .276100009679794 .256099998950958 .276100009679794 .286100000143051 5.60999996960163E-02 .226099997758865 0 -999.9990234375 0 0 0 -999.9990234375 -999.9990234375 -999.9990234375 -999.9990234375 -999.9990234375 -999.9990234375 -999.9990234375 -999.9990234375 -999.9990234375 -999.9990234375 -999.9990234375 -999.9990234375 -999.9990234375 -999.9990234375 -999.9990234375 -999.9990234375 -999.9990234375 -999.9990234375 -999.9990234375
0 0 0 0 0 9.16000008583069E-02 3.90999987721443E-02 0 0 0 0 0 6.09999988228083E-03 .196099996566772 .266099989414215 .236100003123283 .266099989414215 .24609999358654 .306100010871887 .286100000143051 .286100000143051 .216100007295609 .276100009679794 .266099989414215 .196099996566772 .216100007295609 .256099998950958 .226099997758865 .266099989414215 .296099990606308 .296099990606308 .356099992990494 .386099994182587 .386099994182587 .33610001206398 .41609999537468 .366100013256073 .346100002527237 3.61000001430511E-02 0 -999.9990234375 -999.9990234375 -999.9990234375 -999.9990234375 -999.9990234375 -999.9990234375 -999.9990234375 -999.9990234375 -999.9990234375 -999.9990234375 -999.9990234375 -999.9990234375 -999.9990234375 -999.9990234375 -999.9990234375 -999.9990234375 -999.9990234375
0 0 0 0 0 0 1.42000000923872E-02 .148300006985664 .047800000756979 0 0 5.00999987125397E-02 2.61000003665686E-02 .116099998354912 .12610000371933 .24609999358654 .256099998950958 .326099991798401 .316100001335144 .316100001335144 .326099991798401 .286100000143051 .236100003123283 .236100003123283 .216100007295609 .226099997758865 .226099997758865 .196099996566772 .236100003123283 .256099998950958 .356099992990494 .406100004911423 .366100013256073 .37610000371933 .356099992990494 .446099996566772 .616100013256073 .466100007295609 .406100004911423 .386099994182587 0 -999.9990234375 -999.9990234375 -999.9990234375 -999.9990234375 -999.9990234375 -999.9990234375 -999.9990234375 -999.9990234375 -999.9990234375 -999.9990234375 -999.9990234375 -999.9990234375 -999.9990234375 -999.9990234375 -999.9990234375 -999.9990234375
0 0 0 0 0 .049100000411272 2.10999995470047E-02 0 0 .106899999082088 .049100000411272 3.95000018179417E-02 1.53999999165535E-02 2.61000003665686E-02 5.60999996960163E-02 .156100004911423 .236100003123283 .226099997758865 .24609999358654 .366100013256073 .306100010871887 .266099989414215 .236100003123283 .24609999358654 .20610000193119 .196099996566772 .236100003123283 .216100007295609 .24609999358654 .24609999358654 .33610001206398 .37610000371933 .386099994182587 .366100013256073 .366100013256073 .346100002527237 .986100018024445 .866100013256073 .666100025177002 .486099988222122 .41609999537468 0 -999.9990234375 -999.9990234375 -999.9990234375 -999.9990234375 -999.9990234375 -999.9990234375 -999.9990234375 -999.9990234375 -999.9990234375 -999.9990234375 -999.9990234375 -999.9990234375 -999.9990234375 -999.9990234375 -999.9990234375
0 0 4.01999987661839E-02 0 1.53000000864267E-02 .033500000834465 0 0 1.79999992251396E-02 0 0 3.70000000111759E-03 5.70000009611249E-03 1.09999999403954E-03 0 0 0 .016100000590086 .12610000371933 .236100003123283 .256099998950958 .24609999358654 .24609999358654 .216100007295609 .216100007295609 .196099996566772 .216100007295609 .226099997758865 .236100003123283 .296099990606308 .326099991798401 .396100014448166 .406100004911423 .37610000371933 .356099992990494 .356099992990494 .776099979877472 .936100006103516 1.0760999917984 1.0061000585556 .79610002040863 .366100013256073 0 -999.9990234375 -999.9990234375 -999.9990234375 -999.9990234375 -999.9990234375 -999.9990234375 -999.9990234375 -999.9990234375 -999.9990234375 -999.9990234375 -999.9990234375 -999.9990234375 -999.9990234375 -999.9990234375
4.12000007927418E-02 7.09000006318092E-02 3.02000008523464E-02 0 7.59999975562096E-02 8.59000012278557E-02 0 0 .008500000461936 0 0 4.69999993219972E-03 5.10000018402934E-03 6.99999975040555E-04 0 0 0 0 0 0 .106100000441074 .196099996566772 .196099996566772 .20610000193119 .186100006103516 .216100007295609 .226099997758865 .196099996566772 .256099998950958 .296099990606308 .366100013256073 .406100004911423 .41609999537468 .41609999537468 .476099997758865 .456099987030029 .516099989414215 .726100027561188 .856100022792816 .916100025177002 .916100025177002 .636099994182587 .066100001335144 0 -999.9990234375 -999.9990234375 -999.9990234375 -999.9990234375 -999.9990234375 -999.9990234375 -999.9990234375 -999.9990234375 -999.9990234375 -999.9990234375 -999.9990234375 -999.9990234375 -999.9990234375
.120999999344349 .101000003516674 2.85999998450279E-02 6.62999972701073E-02 8.60999971628189E-02 .116099998354912 0 .09740000218153 4.89999987185001E-02 8.17999988794327E-02 0 7.69999995827675E-03 3.62999998033047E-02 0 0 0 0 0 0 0 .136099994182587 .176100000739098 .196099996566772 .196099996566772 .156100004911423 .176100000739098 .24609999358654 .236100003123283 .306100010871887 .37610000371933 .446099996566772 .41609999537468 .476099997758865 .41609999537468 .466100007295609 .446099996566772 .496100008487701 .746100008487701 .606100022792816 .516099989414215 .556100010871887 .596099972724915 .41609999537468 0 -999.9990234375 -999.9990234375 -999.9990234375 -999.9990234375 -999.9990234375 -999.9990234375 -999.9990234375 -999.9990234375 -999.9990234375 -999.9990234375 -999.9990234375 -999.9990234375 -999.9990234375
5.07000014185905E-02 5.95999993383884E-02 .13680000603199 7.66000002622604E-02 7.62000009417534E-02 5.59000000357628E-02 4.52000014483929E-02 7.58000016212463E-02 2.58000008761883E-02 .09740000218153 6.97000026702881E-02 0 4.87999990582466E-02 5.64999990165234E-02 0 0 0 0 0 0 3.61000001430511E-02 .216100007295609 .216100007295609 .20610000193119 .196099996566772 .20610000193119 .266099989414215 .33610001206398 .386099994182587 .306100010871887 .506099998950958 .346100002527237 .406100004911423 .426099985837936 .466100007295609 .386099994182587 .386099994182587 .636099994182587 .696099996566772 .586099982261658 .576099991798401 .586099982261658 .616100013256073 .406100004911423 0 -999.9990234375 -999.9990234375 -999.9990234375 -999.9990234375 -999.9990234375 -999.9990234375 -999.9990234375 -999.9990234375 -999.9990234375 -999.9990234375 -999.9990234375 -999.9990234375
2.60000000707805E-03 1.86000000685453E-02 4.71000000834465E-02 .086499996483326 4.61000017821789E-02 3.55000011622906E-02 7.53000006079674E-02 0 7.49999983236194E-03 7.49999983236194E-03 3.53999994695187E-02 3.59000004827976E-02 5.66000007092953E-02 2.94000003486872E-02 4.17999997735024E-02 0 0 0 0 3.61000001430511E-02 .12610000371933 .136099994182587 .156100004911423 .20610000193119 .20610000193119 .266099989414215 .296099990606308 .356099992990494 .286100000143051 .306100010871887 .41609999537468 .41609999537468 .396100014448166 .396100014448166 .396100014448166 .436100006103516 .486099988222122 .54610002040863 .726100027561188 .6560999751091 .746100008487701 .816100001335144 .736100018024445 .706099987030029 .33610001206398 0 -999.9990234375 -999.9990234375 -999.9990234375 -999.9990234375 -999.9990234375 -999.9990234375 -999.9990234375 -999.9990234375 -999.9990234375 -999.9990234375 -999.9990234375
7.60000012814999E-03 4.19999985024333E-03 1.71000007539988E-02 1.24000003561378E-02 0 4.58000004291534E-02 3.48999984562397E-02 0 0 0 .015599999576807 2.60000005364418E-02 2.58000008761883E-02 2.23999992012978E-02 .012699999846518 0 0 0 0 7.60999992489815E-02 .16609999537468 .116099998354912 .136099994182587 .196099996566772 .256099998950958 .266099989414215 .296099990606308 .306100010871887 .296099990606308 .316100001335144 .366100013256073 .41609999537468 .37610000371933 .386099994182587 .446099996566772 .466100007295609 .37610000371933 .666100025177002 .916100025177002 .87610000371933 .836099982261658 .916100025177002 .806100010871887 .826099991798401 .806100010871887 .236100003123283 0 -999.9990234375 -999.9990234375 -999.9990234375 -999.9990234375 -999.9990234375 -999.9990234375 -999.9990234375 -999.9990234375 -999.9990234375 -999.9990234375
4.19000014662743E-02 1.89999993890524E-02 4.71000000834465E-02 0 1.75000000745058E-02 0 0 0 0 0 0 9.99999977648258E-03 0 0 0 0 0 0 0 9.61000025272369E-02 .136099994182587 .146099999547005 .156100004911423 .196099996566772 .226099997758865 .276100009679794 .296099990606308 .366100013256073 .346100002527237 .406100004911423 .316100001335144 .37610000371933 .366100013256073 .476099997758865 .446099996566772 .486099988222122 .456099987030029 .726100027561188 .776099979877472 .79610002040863 .806100010871887 .896099984645844 .926100015640259 .886099994182587 .896099984645844 .686100006103516 5.60999996960163E-02 0 -999.9990234375 -999.9990234375 -999.9990234375 -999.9990234375 -999.9990234375 -999.9990234375 -999.9990234375 -999.9990234375 -999.9990234375
1.86000000685453E-02 2.26000007241964E-02 2.74000000208616E-02 2.09999997168779E-02 0 0 0 0 0 0 0 0 0 0 0 0 0 0 7.60999992489815E-02 9.61000025272369E-02 .106100000441074 .12610000371933 .176100000739098 .236100003123283 .276100009679794 .276100009679794 .366100013256073 .356099992990494 .356099992990494 .41609999537468 .37610000371933 .456099987030029 .386099994182587 .456099987030029 .41609999537468 .426099985837936 .426099985837936 .9060999751091 1.01610004901886 1.04610002040863 1.0061000585556 .986100018024445 1.01610004901886 .806100010871887 .566100001335144 .186100006103516 0 0 -999.9990234375 -999.9990234375 -999.9990234375 -999.9990234375 -999.9990234375 -999.9990234375 -999.9990234375 -999.9990234375 -999.9990234375
3.46999987959862E-02 1.75000000745058E-02 0 5.79999992623925E-03 0 0 0 0 0 0 0 0 0 0 0 0 0 0 8.60999971628189E-02 9.61000025272369E-02 .116099998354912 .146099999547005 .196099996566772 .236100003123283 .356099992990494 .316100001335144 .41609999537468 .37610000371933 .37610000371933 .41609999537468 .436100006103516 .356099992990494 .366100013256073 .41609999537468 .456099987030029 .396100014448166 .466100007295609 .636099994182587 .976100027561188 .816100001335144 .706099987030029 .496100008487701 .156100004911423 0 0 0 0 0 -999.9990234375 -999.9990234375 -999.9990234375 -999.9990234375 -999.9990234375 -999.9990234375 -999.9990234375 -999.9990234375 -999.9990234375
2.78999991714954E-02 0 0 0 0 0 0 0 0 0 0 0 0 0 0 0 0 0 9.61000025272369E-02 3.61000001430511E-02 .136099994182587 .24609999358654 .156100004911423 .256099998950958 .41609999537468 .446099996566772 .456099987030029 .486099988222122 .41609999537468 .41609999537468 .426099985837936 .346100002527237 .346100002527237 .316100001335144 .466100007295609 .176100000739098 0 .316100001335144 .106100000441074 3.61000001430511E-02 0 0 0 0 0 0 0 .254999995231628 -999.9990234375 -999.9990234375 -999.9990234375 -999.9990234375 -999.9990234375 -999.9990234375 -999.9990234375 -999.9990234375 -999.9990234375
0 0 0 0 0 0 0 0 0 0 0 0 0 0 0 0 0 0 0 .156100004911423 .186100006103516 .106100000441074 .176100000739098 .346100002527237 .396100014448166 .466100007295609 .536099970340729 .606100022792816 .41609999537468 .446099996566772 .356099992990494 .476099997758865 .456099987030029 .316100001335144 .215900003910065 1.35000003501773E-02 0 0 0 0 0 0 0 6.49999976158142E-02 .135000005364418 .185000002384186 .185000002384186 .174999997019768 .165000006556511 -999.9990234375 -999.9990234375 -999.9990234375 -999.9990234375 -999.9990234375 -999.9990234375 -999.9990234375 -999.9990234375
0 0 0 0 0 0 0 0 0 0 0 0 0 0 0 0 0 6.09999988228083E-03 4.61000017821789E-02 .226099997758865 .176100000739098 .186100006103516 .276100009679794 .356099992990494 .466100007295609 .516099989414215 .576099991798401 .596099972724915 .536099970340729 .41609999537468 .41609999537468 .33610001206398 0 0 7.79999978840351E-03 .016100000590086 0 0 1.99999995529652E-02 0 0 0 0 0 .125 .165000006556511 .155000001192093 .165000006556511 .165000006556511 .155000001192093 -999.9990234375 -999.9990234375 -999.9990234375 -999.9990234375 -999.9990234375 -999.9990234375 -999.9990234375
6.26000016927719E-02 1.39999995008111E-03 1.10999997705221E-02 2.77999993413687E-02 0 0 0 0 0 0 0 0 0 0 0 0 0 0 7.60999992489815E-02 .106100000441074 .216100007295609 .33610001206398 .326099991798401 .436100006103516 .526099979877472 .556100010871887 .556100010871887 .576099991798401 .576099991798401 .476099997758865 0 0 .063900001347065 3.37999984622002E-02 1.9000000320375E-03 0 0 0 1.00000004749745E-03 5.00000023748726E-04 0 1.43999997526407E-02 0 0 0 .155000001192093 .155000001192093 .174999997019768 .155000001192093 .155000001192093 0 -999.9990234375 -999.9990234375 -999.9990234375 -999.9990234375 -999.9990234375 -999.9990234375
5.24999983608723E-02 4.17999997735024E-02 2.97999996691942E-02 0 3.15999984741211E-02 0 0 0 0 0 0 0 0 0 0 0 0 0 .066100001335144 .106100000441074 .156100004911423 .186100006103516 .306100010871887 .486099988222122 .54610002040863 .536099970340729 .576099991798401 .596099972724915 .526099979877472 .296099990606308 5.59000000357628E-02 0 .103900000452995 4.39000017940998E-02 0 0 0 0 4.25000004470348E-02 0 1.24000003561378E-02 1.20000005699694E-03 6.00000028498471E-04 0 0 3.50000001490116E-02 .135000005364418 .144999995827675 .204999998211861 4.50000017881393E-02 0 0 -999.9990234375 -999.9990234375 -999.9990234375 -999.9990234375 -999.9990234375
4.23999987542629E-02 5.20000010728836E-02 1.90999992191792E-02 1.30000002682209E-02 2.29000002145767E-02 .034400001168251 0 0 0 0 0 0 0 0 0 0 0 0 .016100000590086 .066100001335144 .12610000371933 .176100000739098 .216100007295609 .37610000371933 .576099991798401 .456099987030029 .37610000371933 .425999999046326 .296099990606308 .125900000333786 0 0 7.38999992609024E-02 3.89999989420176E-03 0 0 9.10999998450279E-02 7.10999965667725E-02 2.25000008940697E-02 5.24999983608723E-02 1.25000001862645E-02 0 0 0 0 0 .104999996721745 .144999995827675 .155000001192093 4.99999988824129E-03 0 0 -999.9990234375 -999.9990234375 -999.9990234375 -999.9990234375 -999.9990234375
4.25000004470348E-02 .032200001180172 9.80000011622906E-03 6.50000013411045E-03 0 2.53999996930361E-02 8.69000032544136E-02 0 0 0 0 0 0 0 0 0 0 0 0 8.60999971628189E-02 .116099998354912 .16609999537468 .266099989414215 .236100003123283 .156100004911423 .175999999046326 .185599997639656 3.50000001490116E-02 0 0 0 0 0 1.09000001102686E-02 0 0 0 5.29999984428287E-03 8.25000032782555E-02 2.25000008940697E-02 1.25000001862645E-02 0 0 0 0 0 0 .185000002384186 .144999995827675 8.50000008940697E-02 0 0 0 -999.9990234375 -999.9990234375 -999.9990234375 -999.9990234375
1.26000000163913E-02 0 0 2.04000007361174E-02 3.04000005125999E-02 0 3.95999997854233E-02 0 0 0 0 0 0 0 0 0 0 0 0 5.60999996960163E-02 .136099994182587 .116099998354912 0 0 0 0 0 .046900000423193 1.15999998524785E-02 .196099996566772 .1858000010252 0 0 5.44999986886978E-02 0 0 0 0 0 0 8.25000032782555E-02 0 0 0 0 0 0 .135000005364418 .115000002086163 0 0 0 4.80000022798777E-03 0 -999.9990234375 -999.9990234375 -999.9990234375
0 0 0 4.03999984264374E-02 2.03000009059906E-02 3.90999987721443E-02 0 0 0 0 0 0 0 0 0 0 0 0 0 8.60999971628189E-02 0 0 0 0 .140000000596046 0 3.50000001490116E-02 7.06999972462654E-02 .241899996995926 .157900005578995 .157499998807907 0 0 6.00000005215406E-03 0 0 0 2.44999993592501E-02 6.44000023603439E-02 .104500003159046 0 0 0 0 0 0 0 0 0 0 4.47999984025955E-02 4.80000022798777E-03 1.48000000044703E-02 0 0 -999.9990234375 -999.9990234375
