sobek/Simulation Result/Existing/Q25.asc
nCols        140
nRows        174
xllCorner    108250
yllCorner    537700
CellSize     25
nodata_value -999.999
[rows 25 to 49 of 174, columns 0 to 56 of 140]
-999.9990234375 -999.9990234375 -999.9990234375 -999.9990234375 -999.9990234375 -999.9990234375 -999.9990234375 -999.9990234375 -999.9990234375 -999.9990234375 -999.9990234375 -999.9990234375 -999.9990234375 -999.9990234375 -999.9990234375 -999.9990234375 -999.9990234375 -999.9990234375 -999.9990234375 -999.9990234375 -999.9990234375 -999.9990234375 -999.9990234375 -999.9990234375 -999.9990234375 -999.9990234375 -999.9990234375 -999.9990234375 -999.9990234375 -999.9990234375 0 7.88000002503395E-02 5.88000006973743E-02 .058899998664856 4.89000007510185E-02 7.89000019431114E-02 .058899998664856 8.87999981641769E-02 0 0 0 1.88999995589256E-02 3.86999994516373E-02 0 0 0 .174500003457069 0 0 0 0 0 0 0 0 .112300001084805 .102300003170967
-999.9990234375 -999.9990234375 -999.9990234375 -999.9990234375 -999.9990234375 -999.9990234375 -999.9990234375 -999.9990234375 -999.9990234375 -999.9990234375 -999.9990234375 -999.9990234375 -999.9990234375 -999.9990234375 -999.9990234375 -999.9990234375 -999.9990234375 -999.9990234375 -999.9990234375 -999.9990234375 -999.9990234375 -999.9990234375 -999.9990234375 -999.9990234375 -999.9990234375 -999.9990234375 -999.9990234375 -999.9990234375 -999.9990234375 0 0 0 1.88999995589256E-02 .058899998664856 4.89999987185001E-02 4.91999983787537E-02 9.88999977707863E-02 0 0 0 0 1.31000000983477E-02 1.38999996706843E-02 0 0 0 0 0 0 0 0 0 0 0 0 0 3.22999991476536E-02
-999.9990234375 -999.9990234375 -999.9990234375 -999.9990234375 -999.9990234375 -999.9990234375 -999.9990234375 -999.9990234375 -999.9990234375 -999.9990234375 -999.9990234375 -999.9990234375 -999.9990234375 -999.9990234375 -999.9990234375 -999.9990234375 -999.9990234375 -999.9990234375 -999.9990234375 -999.9990234375 -999.9990234375 -999.9990234375 -999.9990234375 -999.9990234375 -999.9990234375 -999.9990234375 -999.9990234375 -999.9990234375 -999.9990234375 0 0 0 0 0 1.97000000625849E-02 6.12999983131886E-02 .028999999165535 0 0 0 9.99999974737875E-05 3.26999984681606E-02 1.18000004440546E-02 0 4.94999997317791E-02 0 .147699996829033 0 0 0 0 0 0 1.25000001862645E-02 1.25000001862645E-02 0 0
-999.9990234375 -999.9990234375 -999.9990234375 -999.9990234375 -999.9990234375 -999.9990234375 -999.9990234375 -999.9990234375 -999.9990234375 -999.9990234375 -999.9990234375 -999.9990234375 -999.9990234375 -999.9990234375 -999.9990234375 -999.9990234375 -999.9990234375 -999.9990234375 -999.9990234375 -999.9990234375 -999.9990234375 -999.9990234375 -999.9990234375 -999.9990234375 -999.9990234375 -999.9990234375 -999.9990234375 -999.9990234375 0 2.89999996311963E-03 0 0 0 0 0 6.50999993085861E-02 0 0 0 0 0 2.85999998450279E-02 2.85000000149012E-02 5.10000018402934E-03 0 .157700002193451 .227699995040894 .177699998021126 0 0 0 0 0 1.25000001862645E-02 2.25000008940697E-02 1.25000001862645E-02 1.00000004749745E-03
-999.9990234375 -999.9990234375 -999.9990234375 -999.9990234375 -999.9990234375 -999.9990234375 -999.9990234375 -999.9990234375 -999.9990234375 -999.9990234375 -999.9990234375 -999.9990234375 -999.9990234375 -999.9990234375 -999.9990234375 -999.9990234375 -999.9990234375 -999.9990234375 -999.9990234375 -999.9990234375 -999.9990234375 -999.9990234375 -999.9990234375 -999.9990234375 -999.9990234375 -999.9990234375 -999.9990234375 -999.9990234375 0 3.89999989420176E-03 0 0 0 0 0 0 0 0 0 0 0 2.71000005304813E-02 1.85000002384186E-02 0 6.76999986171722E-02 9.76999998092651E-02 .217700004577637 .167699992656708 .157700002193451 4.74000014364719E-02 0 0 7.24999979138374E-02 4.25000004470348E-02 2.25000008940697E-02 0 1.04000000283122E-02
-999.9990234375 -999.9990234375 -999.9990234375 -999.9990234375 -999.9990234375 -999.9990234375 -999.9990234375 -999.9990234375 -999.9990234375 -999.9990234375 -999.9990234375 -999.9990234375 -999.9990234375 -999.9990234375 -999.9990234375 -999.9990234375 -999.9990234375 -999.9990234375 -999.9990234375 -999.9990234375 -999.9990234375 -999.9990234375 -999.9990234375 -999.9990234375 -999.9990234375 -999.9990234375 -999.9990234375 0 0 0 1.75000000745058E-02 0 0 0 0 0 0 0 0 0 0 2.61000003665686E-02 1.66999995708466E-02 8.2999998703599E-03 2.79999990016222E-03 .137700006365776 .127700001001358 .117700003087521 .107600003480911 .046900000423193 7.50999972224236E-02 0 5.59999980032444E-03 1.25000001862645E-02 1.00000004749745E-03 0 0
-999.9990234375 -999.9990234375 -999.9990234375 -999.9990234375 -999.9990234375 -999.9990234375 -999.9990234375 -999.9990234375 -999.9990234375 -999.9990234375 -999.9990234375 -999.9990234375 -999.9990234375 -999.9990234375 -999.9990234375 -999.9990234375 -999.9990234375 -999.9990234375 -999.9990234375 -999.9990234375 -999.9990234375 -999.9990234375 -999.9990234375 -999.9990234375 -999.9990234375 -999.9990234375 -999.9990234375 0 0 0 0 0 0 0 0 0 0 0 0 0 0 0 5.55000007152557E-02 3.51000018417835E-02 1.9000000320375E-03 1.09999999403954E-03 .127399995923042 7.76000022888184E-02 0 0 5.38999997079372E-02 4.32999990880489E-02 8.29000025987625E-02 0 1.00000004749745E-03 5.16000017523766E-02 3.15999984741211E-02
-999.9990234375 -999.9990234375 -999.9990234375 -999.9990234375 -999.9990234375 -999.9990234375 -999.9990234375 -999.9990234375 -999.9990234375 -999.9990234375 -999.9990234375 -999.9990234375 -999.9990234375 -999.9990234375 -999.9990234375 -999.9990234375 -999.9990234375 -999.9990234375 -999.9990234375 -999.9990234375 -999.9990234375 -999.9990234375 -999.9990234375 -999.9990234375 -999.9990234375 -999.9990234375 0 0 0 0 0 0 1.76999997347593E-02 1.04000000283122E-02 0 0 0 0 0 0 0 6.59999996423721E-03 .044599998742342 1.53999999165535E-02 5.29999984428287E-03 1.30000000353903E-03 2.01999992132187E-02 3.75000014901161E-02 7.58000016212463E-02 4.47999984025955E-02 7.36000016331673E-02 5.33000007271767E-02 2.26000007241964E-02 .102099999785423 .322100013494492 1.16999996826053E-02 5.15000000596046E-02
-999.9990234375 -999.9990234375 -999.9990234375 -999.9990234375 -999.9990234375 -999.9990234375 -999.9990234375 -999.9990234375 -999.9990234375 -999.9990234375 -999.9990234375 -999.9990234375 -999.9990234375 -999.9990234375 -999.9990234375 -999.9990234375 -999.9990234375 -999.9990234375 -999.9990234375 -999.9990234375 -999.9990234375 -999.9990234375 -999.9990234375 -999.9990234375 -999.9990234375 -999.9990234375 0 0 0 0 0 0 8.2999998703599E-03 0 0 9.99999974737875E-05 0 0 0 0 0 2.77999993413687E-02 3.68000008165836E-02 5.79999992623925E-03 5.49999997019768E-03 .025000000372529 6.36999979615211E-02 8.00000037997961E-03 0 0 8.32000002264977E-02 7.28999972343445E-02 .102200001478195 .102200001478195 .151999995112419 .101599998772144 .151500001549721
-999.9990234375 -999.9990234375 -999.9990234375 -999.9990234375 -999.9990234375 -999.9990234375 -999.9990234375 -999.9990234375 -999.9990234375 -999.9990234375 -999.9990234375 -999.9990234375 -999.9990234375 -999.9990234375 -999.9990234375 -999.9990234375 -999.9990234375 -999.9990234375 -999.9990234375 -999.9990234375 -999.9990234375 -999.9990234375 -999.9990234375 -999.9990234375 -999.9990234375 -999.9990234375 0 0 0 0 0 8.70000012218952E-03 0 0 0 0 3.00000014249235E-04 3.9999998989515E-04 0 2.66999993473291E-02 2.19999998807907E-02 3.84999997913837E-02 3.84999997913837E-02 1.88999995589256E-02 0 1.44999995827675E-02 5.40000014007092E-02 1.48000000044703E-02 0 0 0 2.30000005103648E-03 .112199999392033 .132200002670288 7.20999985933304E-02 3.18000018596649E-02 4.17000018060207E-02
-999.9990234375 -999.9990234375 -999.9990234375 -999.9990234375 -999.9990234375 -999.9990234375 -999.9990234375 -999.9990234375 -999.9990234375 -999.9990234375 -999.9990234375 -999.9990234375 -999.9990234375 -999.9990234375 -999.9990234375 -999.9990234375 -999.9990234375 -999.9990234375 -999.9990234375 -999.9990234375 -999.9990234375 -999.9990234375 -999.9990234375 -999.9990234375 -999.9990234375 0 0 0 0 0 0 0 0 0 0 0 0 0 9.89999994635582E-03 3.92000004649162E-02 8.99999961256981E-03 2.01999992132187E-02 3.97999994456768E-02 1.95000004023314E-02 0 .02280000038445 5.38999997079372E-02 1.16999996826053E-02 0 0 0 0 2.21999995410442E-02 7.22000002861023E-02 5.79999992623925E-03 .008500000461936 5.18000014126301E-02
-999.9990234375 -999.9990234375 -999.9990234375 -999.9990234375 -999.9990234375 -999.9990234375 -999.9990234375 -999.9990234375 -999.9990234375 -999.9990234375 -999.9990234375 -999.9990234375 -999.9990234375 -999.9990234375 -999.9990234375 -999.9990234375 -999.9990234375 -999.9990234375 -999.9990234375 -999.9990234375 -999.9990234375 -999.9990234375 -999.9990234375 -999.9990234375 -999.9990234375 0 0 0 0 0 2.12999992072582E-02 0 2.69000008702278E-02 8.70999991893768E-02 9.10000037401915E-03 3.59999993816018E-03 0 0 1.13000003620982E-02 3.61000001430511E-02 3.75999994575977E-02 3.29999998211861E-02 4.12999987602234E-02 1.07000004500151E-02 0 5.38999997079372E-02 .063900001347065 5.40999993681908E-02 1.70000002253801E-03 0 2.09999997168779E-02 0 0 1.54999997466803E-02 1.81000009179115E-02 1.48999998345971E-02 2.63000000268221E-02
-999.9990234375 -999.9990234375 -999.9990234375 -999.9990234375 -999.9990234375 -999.9990234375 -999.9990234375 -999.9990234375 -999.9990234375 -999.9990234375 -999.9990234375 -999.9990234375 -999.9990234375 -999.9990234375 -999.9990234375 -999.9990234375 -999.9990234375 -999.9990234375 -999.9990234375 -999.9990234375 -999.9990234375 -999.9990234375 -999.9990234375 -999.9990234375 0 4.60000010207295E-03 0 0 0 3.00000002607703E-03 0 0 1.00000004749745E-03 8.89999978244305E-03 .123800002038479 5.88000006973743E-02 2.62000001966953E-02 2.66999993473291E-02 1.53999999165535E-02 1.83000005781651E-02 2.04000007361174E-02 .033100001513958 4.17000018060207E-02 3.09999994933605E-02 2.93000005185604E-02 2.62000001966953E-02 7.46999979019165E-02 3.46999987959862E-02 1.16999996826053E-02 0 4.80000022798777E-03 .016499999910593 1.20000005699694E-03 3.29999998211861E-03 2.19999998807907E-03 2.12999992072582E-02 3.48000004887581E-02
-999.9990234375 -999.9990234375 -999.9990234375 -999.9990234375 -999.9990234375 -999.9990234375 -999.9990234375 -999.9990234375 -999.9990234375 -999.9990234375 -999.9990234375 -999.9990234375 -999.9990234375 -999.9990234375 -999.9990234375 -999.9990234375 -999.9990234375 -999.9990234375 -999.9990234375 -999.9990234375 -999.9990234375 -999.9990234375 -999.9990234375 -999.9990234375 0 3.53999994695187E-02 0 0 1.72000005841255E-02 1.31000000983477E-02 0 0 0 7.89999961853027E-03 5.27999997138977E-02 .016100000590086 4.96999993920326E-02 3.40999998152256E-02 2.42999996989965E-02 1.78999993950129E-02 9.89999994635582E-03 7.30000017210841E-03 .031700000166893 5.15000000596046E-02 2.03000009059906E-02 1.77999995648861E-02 4.58999983966351E-02 5.57999983429909E-02 3.53999994695187E-02 0 0 1.39999995008111E-03 1.09999999403954E-03 1.86000000685453E-02 2.63000000268221E-02 9.89999994635582E-03 6.17999993264675E-02
-999.9990234375 -999.9990234375 -999.9990234375 -999.9990234375 -999.9990234375 -999.9990234375 -999.9990234375 -999.9990234375 -999.9990234375 -999.9990234375 -999.9990234375 -999.9990234375 -999.9990234375 -999.9990234375 -999.9990234375 -999.9990234375 -999.9990234375 -999.9990234375 -999.9990234375 -999.9990234375 -999.9990234375 -999.9990234375 -999.9990234375 0 0 0 0 2.39000003784895E-02 5.31000010669231E-02 0 0 0 0 1.43999997526407E-02 0 2.32999995350838E-02 2.78999991714954E-02 1.16999996826053E-02 4.41999994218349E-02 3.35999988019466E-02 1.15999998524785E-02 1.09999999403954E-03 4.39999997615814E-03 3.18000018596649E-02 3.15000005066395E-02 9.99999977648258E-03 .046399999409914 3.72000001370907E-02 8.99999961256981E-03 7.89999961853027E-03 6.20000017806888E-03 2.15000007301569E-02 1.07000004500151E-02 7.79999978840351E-03 2.74000000208616E-02 4.19999994337559E-02 3.99999991059303E-02
-999.9990234375 -999.9990234375 -999.9990234375 -999.9990234375 -999.9990234375 -999.9990234375 -999.9990234375 -999.9990234375 -999.9990234375 -999.9990234375 -999.9990234375 -999.9990234375 -999.9990234375 -999.9990234375 -999.9990234375 -999.9990234375 -999.9990234375 -999.9990234375 -999.9990234375 -999.9990234375 -999.9990234375 -999.9990234375 -999.9990234375 0 0 0 0 3.29999998211861E-03 7.69999995827675E-03 5.70000009611249E-03 0 0 2.19999998807907E-03 3.1999999191612E-03 2.74000000208616E-02 2.36000008881092E-02 .033500000834465 .031199999153614 1.75999999046326E-02 3.46999987959862E-02 2.42999996989965E-02 2.38000005483627E-02 6.80000009015203E-03 9.60000045597553E-03 1.03000001981854E-02 1.24000003561378E-02 1.04000000283122E-02 4.96999993920326E-02 2.26000007241964E-02 3.29999998211861E-03 1.64000000804663E-02 2.41999998688698E-02 1.11999996006489E-02 2.08999998867512E-02 2.86999996751547E-02 7.40000000223517E-03 3.46000008285046E-02
-999.9990234375 -999.9990234375 -999.9990234375 -999.9990234375 -999.9990234375 -999.9990234375 -999.9990234375 -999.9990234375 -999.9990234375 -999.9990234375 -999.9990234375 -999.9990234375 -999.9990234375 -999.9990234375 -999.9990234375 -999.9990234375 -999.9990234375 -999.9990234375 -999.9990234375 -999.9990234375 -999.9990234375 -999.9990234375 0 5.93999996781349E-02 3.88999991118908E-02 0 0 1.35000003501773E-02 9.4999996945262E-03 0 3.9999998989515E-04 2.30999998748302E-02 0 0 3.42999994754791E-02 3.95999997854233E-02 .025000000372529 4.16000001132488E-02 2.93000005185604E-02 5.53999990224838E-02 .045099999755621 3.46000008285046E-02 9.99999977648258E-03 8.99999961256981E-03 8.89999978244305E-03 4.10000002011657E-03 6.50000013411045E-03 .024100000038743 2.56999991834164E-02 3.62999998033047E-02 7.1000000461936E-03 1.49999996647239E-02 1.15000000223517E-02 8.99999984540045E-04 1.05999996885657E-02 1.92000009119511E-02 3.73999997973442E-02
-999.9990234375 -999.9990234375 -999.9990234375 -999.9990234375 -999.9990234375 -999.9990234375 -999.9990234375 -999.9990234375 -999.9990234375 -999.9990234375 -999.9990234375 -999.9990234375 -999.9990234375 -999.9990234375 -999.9990234375 -999.9990234375 -999.9990234375 -999.9990234375 -999.9990234375 -999.9990234375 -999.9990234375 -999.9990234375 0 .060199998319149 0 0 0 0 0 0 3.9999998989515E-04 4.19000014662743E-02 0 2.15000007301569E-02 1.81000009179115E-02 1.48000000044703E-02 3.64000014960766E-02 2.44999993592501E-02 2.19999998807907E-02 3.55999991297722E-02 3.51999998092651E-02 3.48000004887581E-02 1.10999997705221E-02 1.31000000983477E-02 9.30000003427267E-03 4.90000005811453E-03 5.2000000141561E-03 1.73000004142523E-02 2.87999995052814E-02 1.09999999403954E-02 2.11999993771315E-02 2.14000009000301E-02 1.72000005841255E-02 1.15000000223517E-02 2.21999995410442E-02 2.04000007361174E-02 1.89999993890524E-02
-999.9990234375 -999.9990234375 -999.9990234375 -999.9990234375 -999.9990234375 -999.9990234375 -999.9990234375 -999.9990234375 -999.9990234375 -999.9990234375 -999.9990234375 -999.9990234375 -999.9990234375 -999.9990234375 -999.9990234375 -999.9990234375 -999.9990234375 -999.9990234375 -999.9990234375 -999.9990234375 -999.9990234375 0 0 5.42000010609627E-02 1.98999997228384E-02 5.13000003993511E-02 .032600000500679 0 4.99999988824129E-03 1.79999996908009E-03 4.19000014662743E-02 3.15999984741211E-02 2.87999995052814E-02 2.43999995291233E-02 .031199999153614 2.96000000089407E-02 1.51000004261732E-02 2.05000005662441E-02 3.62000018358231E-02 0 3.51000018417835E-02 1.49999996647239E-02 4.00000018998981E-03 8.89999978244305E-03 1.20000001043081E-02 1.78999993950129E-02 3.00000002607703E-03 9.80000011622906E-03 .031700000166893 1.48999998345971E-02 8.89999978244305E-03 .048300001770258 1.54999997466803E-02 2.48000007122755E-02 9.30000003427267E-03 3.04000005125999E-02 0
-999.9990234375 -999.9990234375 -999.9990234375 -999.9990234375 -999.9990234375 -999.9990234375 -999.9990234375 -999.9990234375 -999.9990234375 -999.9990234375 -999.9990234375 -999.9990234375 -999.9990234375 -999.9990234375 -999.9990234375 -999.9990234375 -999.9990234375 -999.9990234375 -999.9990234375 -999.9990234375 -999.9990234375 0 0 7.01000019907951E-02 6.08000010251999E-02 8.12999978661537E-02 0 0 0 0 9.4999996945262E-03 0 4.67000007629395E-02 4.56000007688999E-02 3.24999988079071E-02 .030799999833107 3.81999984383583E-02 2.60000005364418E-02 1.20999999344349E-02 1.21999997645617E-02 1.99999994947575E-04 9.99999974737875E-05 2.30000005103648E-03 .013399999588728 7.89999961853027E-03 0 0 0 2.61000003665686E-02 2.91000008583069E-02 .034000001847744 3.39000001549721E-02 .022299999371171 3.00000002607703E-03 5.2000000141561E-03 0 4.25999984145164E-02
-999.9990234375 -999.9990234375 -999.9990234375 -999.9990234375 -999.9990234375 -999.9990234375 -999.9990234375 -999.9990234375 -999.9990234375 -999.9990234375 -999.9990234375 -999.9990234375 -999.9990234375 -999.9990234375 -999.9990234375 -999.9990234375 -999.9990234375 -999.9990234375 -999.9990234375 -999.9990234375 0 0 1.99999995529652E-02 4.34999987483025E-02 8.03000032901764E-02 9.26000028848648E-02 0 2.70000007003546E-03 1.07000004500151E-02 0 0 4.01000007987022E-02 1.30000002682209E-02 1.59000009298325E-02 2.30999998748302E-02 5.20999990403652E-02 1.99999995529652E-02 2.85000000149012E-02 2.79999990016222E-03 1.99999994947575E-04 .031199999153614 4.12000007927418E-02 7.79999978840351E-03 7.30000017210841E-03 1.51000004261732E-02 0 0 0 3.10000008903444E-03 5.2000000141561E-03 .048200000077486 5.90999983251095E-02 1.84000004082918E-02 3.73000018298626E-02 0 6.27999976277351E-02 6.27000033855438E-02
-999.9990234375 -999.9990234375 -999.9990234375 -999.9990234375 -999.9990234375 -999.9990234375 -999.9990234375 -999.9990234375 -999.9990234375 -999.9990234375 -999.9990234375 -999.9990234375 -999.9990234375 -999.9990234375 -999.9990234375 -999.9990234375 -999.9990234375 -999.9990234375 -999.9990234375 -999.9990234375 0 0 5.99999986588955E-02 5.99999986588955E-02 2.12999992072582E-02 0 5.66000007092953E-02 8.61999988555908E-02 0 0 0 0 5.49999997019768E-02 4.16000001132488E-02 7.89999961853027E-03 2.55999993532896E-02 3.10999993234873E-02 2.07000002264977E-02 6.09999988228083E-03 1.96000002324581E-02 1.11999996006489E-02 2.16000005602837E-02 4.17000018060207E-02 0 1.09000001102686E-02 0 0 0 1.00000004749745E-03 8.00000037997961E-03 .033500000834465 .060699999332428 7.23000019788742E-02 0 .033100001513958 7.28000029921532E-02 6.27000033855438E-02
-999.9990234375 -999.9990234375 -999.9990234375 -999.9990234375 -999.9990234375 -999.9990234375 -999.9990234375 -999.9990234375 -999.9990234375 -999.9990234375 -999.9990234375 -999.9990234375 -999.9990234375 -999.9990234375 -999.9990234375 -999.9990234375 -999.9990234375 -999.9990234375 -999.9990234375 -999.9990234375 0 2.97999996691942E-02 4.98999990522861E-02 8.99000018835068E-02 0 0 7.00000021606684E-03 0 0 0 0 0 0 .046900000423193 4.69999983906746E-02 3.86999994516373E-02 0 1.40000004321337E-02 2.63999998569489E-02 1.00999996066093E-02 .032200001180172 4.23999987542629E-02 .02280000038445 .008500000461936 3.79000008106232E-02 6.00000028498471E-04 0 9.89999994635582E-03 4.10000002011657E-03 .011400000192225 4.52999994158745E-02 2.60000000707805E-03 3.99000011384487E-02 8.33000019192696E-02 5.38999997079372E-02 3.31999994814396E-02 4.27000001072884E-02
-999.9990234375 -999.9990234375 -999.9990234375 -999.9990234375 -999.9990234375 -999.9990234375 -999.9990234375 -999.9990234375 -999.9990234375 -999.9990234375 -999.9990234375 -999.9990234375 -999.9990234375 -999.9990234375 -999.9990234375 -999.9990234375 -999.9990234375 -999.9990234375 -999.9990234375 0 2.97999996691942E-02 6.97999969124794E-02 .059799998998642 1.98999997228384E-02 0 0 0 0 0 1.59000009298325E-02 5.60000017285347E-02 0 0 0 1.88999995589256E-02 6.04999996721745E-02 4.10000002011657E-03 0 9.39999986439943E-03 1.13000003620982E-02 3.28000001609325E-02 .033500000834465 2.49000005424023E-02 1.16999996826053E-02 .022299999371171 .032600000500679 2.01999992132187E-02 8.89999978244305E-03 5.55000007152557E-02 1.53000000864267E-02 0 .048700001090765 6.56000003218651E-02 5.49999997019768E-02 5.48000000417233E-02 2.44999993592501E-02 3.50000010803342E-03
-999.9990234375 -999.9990234375 -999.9990234375 -999.9990234375 -999.9990234375 -999.9990234375 -999.9990234375 -999.9990234375 -999.9990234375 -999.9990234375 -999.9990234375 -999.9990234375 -999.9990234375 -999.9990234375 -999.9990234375 -999.9990234375 -999.9990234375 -999.9990234375 -999.9990234375 0 8.98000001907349E-02 9.97999981045723E-02 1.92000009119511E-02 0 0 0 0 0 0 0 2.16000005602837E-02 4.58000004291534E-02 2.53999996930361E-02 0 0 7.89999961853027E-03 3.70999984443188E-02 1.11999996006489E-02 3.10000008903444E-03 2.58000008761883E-02 1.53999999165535E-02 2.70000007003546E-02 2.62000001966953E-02 1.94000005722046E-02 2.66999993473291E-02 2.43999995291233E-02 1.86999998986721E-02 0 0 .129999995231628 .119599997997284 5.11000007390976E-02 .048700001090765 5.55999986827374E-02 5.55000007152557E-02 3.51000018417835E-02 4.00000018998981E-03
