sobek/Simulation Result/Existing/Q50 storage.asc
nCols        140
nRows        174
xllCorner    108250
yllCorner    537700
CellSize     25
nodata_value -999.999
[rows 26 to 51 of 174, columns 59 to 117 of 140]
0 0 1.05999996885657E-02 1.20000005699694E-03 0 0 0 0 0 0 0 0 0 0 8.51000025868416E-02 .13510000705719 0 0 2.42999996989965E-02 .043699998408556 1.03000001981854E-02 .015599999576807 0 .120899997651577 3.40999998152256E-02 1.98999997228384E-02 0 0 -999.9990234375 -999.9990234375 -999.9990234375 -999.9990234375 -999.9990234375 -999.9990234375 -999.9990234375 -999.9990234375 -999.9990234375 -999.9990234375 -999.9990234375 -999.9990234375 -999.9990234375 -999.9990234375 -999.9990234375 -999.9990234375 -999.9990234375 -999.9990234375 -999.9990234375 -999.9990234375 -999.9990234375 -999.9990234375 -999.9990234375 -999.9990234375 -999.9990234375 -999.9990234375 -999.9990234375 -999.9990234375 -999.9990234375 -999.9990234375 -999.9990234375
.125699996948242 0 0 0 0 0 0 0 0 0 .148399993777275 2.47000008821487E-02 1.99999994947575E-04 3.70000004768372E-02 .065700002014637 8.51000025868416E-02 .144400000572205 3.37999984622002E-02 3.35999988019466E-02 1.19000002741814E-02 8.2999998703599E-03 3.62000018358231E-02 .103100001811981 6.75999969244003E-02 7.68000036478043E-02 7.90000036358833E-02 6.27999976277351E-02 .031199999153614 0 0 -999.9990234375 -999.9990234375 -999.9990234375 -999.9990234375 -999.9990234375 -999.9990234375 -999.9990234375 -999.9990234375 -999.9990234375 -999.9990234375 -999.9990234375 -999.9990234375 -999.9990234375 -999.9990234375 -999.9990234375 -999.9990234375 -999.9990234375 -999.9990234375 -999.9990234375 -999.9990234375 -999.9990234375 -999.9990234375 -999.9990234375 -999.9990234375 -999.9990234375 -999.9990234375 -999.9990234375 -999.9990234375 -999.9990234375
0 4.54000011086464E-02 .154699996113777 0 0 0 0 0 0 0 .144999995827675 9.87000018358231E-02 7.06000030040741E-02 .100299999117851 .118000000715256 .065200001001358 9.39999967813492E-02 .223399996757507 6.26000016927719E-02 4.06999997794628E-02 .016499999910593 .170200005173683 5.33000007271767E-02 .065200001001358 7.67000019550323E-02 8.81000012159348E-02 6.21999986469746E-02 8.11000019311905E-02 .090999998152256 0 .030799999833107 0 -999.9990234375 0 0 0 -999.9990234375 -999.9990234375 -999.9990234375 -999.9990234375 -999.9990234375 -999.9990234375 -999.9990234375 -999.9990234375 -999.9990234375 -999.9990234375 -999.9990234375 -999.9990234375 -999.9990234375 -999.9990234375 -999.9990234375 -999.9990234375 -999.9990234375 -999.9990234375 -999.9990234375 -999.9990234375 -999.9990234375 -999.9990234375 -999.9990234375
0 0 0 7.54000023007393E-02 2.36000008881092E-02 0 0 0 0 0 0 7.12999999523163E-02 .137099996209145 .102899998426437 .127000004053116 .104900002479553 .163499996066093 .14300000667572 .142299994826317 6.89999982714653E-02 .125699996948242 .113099999725819 3.53999994695187E-02 4.52999994158745E-02 7.75000005960464E-02 3.66000011563301E-02 7.14000016450882E-02 .101000003516674 .100900001823902 .160699993371964 .190699994564056 .190699994564056 .140699997544289 .220599994063377 .170399993658066 .149299994111061 0 0 -999.9990234375 -999.9990234375 -999.9990234375 -999.9990234375 -999.9990234375 -999.9990234375 -999.9990234375 -999.9990234375 -999.9990234375 -999.9990234375 -999.9990234375 -999.9990234375 -999.9990234375 -999.9990234375 -999.9990234375 -999.9990234375 -999.9990234375 -999.9990234375 -999.9990234375 -999.9990234375 -999.9990234375
0 0 0 0 4.30000014603138E-03 .13289999961853 3.24000008404255E-02 0 0 4.61000017821789E-02 2.12999992072582E-02 2.32999995350838E-02 1.41000002622604E-02 .110699996352196 .116800002753735 .184300005435944 .173600003123283 .172399997711182 .181600004434586 .139200001955032 8.60999971628189E-02 8.37000012397766E-02 5.70000000298023E-02 5.75999990105629E-02 5.11000007390976E-02 1.15000000223517E-02 4.10000011324883E-02 6.08000010251999E-02 .160699993371964 .210700005292892 .170699998736382 .1807000041008 .160699993371964 .250699996948242 .420700013637543 .270599991083145 .210700005292892 .190699994564056 0 -999.9990234375 -999.9990234375 -999.9990234375 -999.9990234375 -999.9990234375 -999.9990234375 -999.9990234375 -999.9990234375 -999.9990234375 -999.9990234375 -999.9990234375 -999.9990234375 -999.9990234375 -999.9990234375 -999.9990234375 -999.9990234375 -999.9990234375 -999.9990234375 -999.9990234375 -999.9990234375
0 0 0 .032200001180172 7.69999995827675E-03 0 0 9.17000025510788E-02 4.03999984264374E-02 3.35999988019466E-02 1.15999998524785E-02 6.20000017806888E-03 0 1.71000007539988E-02 .096000000834465 8.48999992012978E-02 .103100001811981 .221599996089935 .160799995064735 .119400002062321 8.65999981760979E-02 9.44000035524368E-02 4.89000007510185E-02 2.96000000089407E-02 5.62999993562698E-02 2.45999991893768E-02 5.09000010788441E-02 5.07999993860722E-02 .140699997544289 .1807000041008 .190699994564056 .170699998736382 .170699998736382 .150700002908707 .790700018405914 .670700013637543 .470699995756149 .290699988603592 .220699995756149 0 -999.9990234375 -999.9990234375 -999.9990234375 -999.9990234375 -999.9990234375 -999.9990234375 -999.9990234375 -999.9990234375 -999.9990234375 -999.9990234375 -999.9990234375 -999.9990234375 -999.9990234375 -999.9990234375 -999.9990234375 -999.9990234375 -999.9990234375 -999.9990234375 -999.9990234375
1.96000002324581E-02 0 0 1.53000000864267E-02 0 0 2.49999994412065E-03 0 0 2.0000000949949E-03 3.50000010803342E-03 1.00000004749745E-03 0 0 0 0 0 9.08999964594841E-02 .110699996352196 9.87000018358231E-02 9.70000028610229E-02 6.36000037193298E-02 5.97000010311604E-02 2.82000005245209E-02 3.13999988138676E-02 .031300000846386 4.08000014722347E-02 .100699998438358 .130700007081032 .200699999928474 .210700005292892 .1807000041008 .160699993371964 .160699993371964 .580699980258942 .740700006484985 .880699992179871 .810699999332428 .6007000207901 .170699998736382 0 -999.9990234375 -999.9990234375 -999.9990234375 -999.9990234375 -999.9990234375 -999.9990234375 -999.9990234375 -999.9990234375 -999.9990234375 -999.9990234375 -999.9990234375 -999.9990234375 -999.9990234375 -999.9990234375 -999.9990234375 -999.9990234375 -999.9990234375 -999.9990234375
9.60000045597553E-03 0 5.82999996840954E-02 6.83000013232231E-02 0 0 0 0 0 3.10000008903444E-03 3.50000010803342E-03 1.99999994947575E-04 0 0 0 0 0 0 0 4.65999990701675E-02 4.56000007688999E-02 5.33000007271767E-02 2.72000003606081E-02 3.97999994456768E-02 3.64999994635582E-02 1.9000000320375E-03 .060699999332428 .100699998438358 .170699998736382 .210700005292892 .220699995756149 .220699995756149 .280699998140335 .260699987411499 .320699989795685 .530700027942657 .660700023174286 .720700025558472 .720700025558472 .440699994564056 0 0 -999.9990234375 -999.9990234375 -999.9990234375 -999.9990234375 -999.9990234375 -999.9990234375 -999.9990234375 -999.9990234375 -999.9990234375 -999.9990234375 -999.9990234375 -999.9990234375 -999.9990234375 -999.9990234375 -999.9990234375 -999.9990234375 -999.9990234375
8.2999998703599E-03 .048200000077486 6.83000013232231E-02 .098300002515316 0 9.07000005245209E-02 4.19000014662743E-02 7.53000006079674E-02 0 5.2000000141561E-03 3.22999991476536E-02 0 0 0 0 0 0 0 0 2.66999993473291E-02 4.50000017881393E-02 4.30999994277954E-02 6.99999975040555E-04 0 5.07999993860722E-02 4.06999997794628E-02 .110699996352196 .1807000041008 .250699996948242 .220699995756149 .280699998140335 .220699995756149 .270700007677078 .250699996948242 .300700008869171 .550700008869171 .410699993371964 .320699989795685 .360700011253357 .400700002908707 .220699995756149 0 -999.9990234375 -999.9990234375 -999.9990234375 -999.9990234375 -999.9990234375 -999.9990234375 -999.9990234375 -999.9990234375 -999.9990234375 -999.9990234375 -999.9990234375 -999.9990234375 -999.9990234375 -999.9990234375 -999.9990234375 -999.9990234375 -999.9990234375
.118000000715256 5.82000017166138E-02 5.82000017166138E-02 3.81999984383583E-02 2.81000006943941E-02 6.94999992847443E-02 1.86000000685453E-02 8.92999991774559E-02 6.12999983131886E-02 0 .043699998408556 5.16999997198582E-02 0 0 0 0 0 0 0 6.58999979496002E-02 6.53999969363213E-02 4.61999997496605E-02 2.15000007301569E-02 1.13000003620982E-02 7.06999972462654E-02 .140699997544289 .190699994564056 .110699996352196 .310699999332428 .150700002908707 .210700005292892 .230700001120567 .270700007677078 .190699994564056 .190699994564056 .440699994564056 .500699996948242 .39070001244545 .380699992179871 .39070001244545 .420700013637543 .210700005292892 0 -999.9990234375 -999.9990234375 -999.9990234375 -999.9990234375 -999.9990234375 -999.9990234375 -999.9990234375 -999.9990234375 -999.9990234375 -999.9990234375 -999.9990234375 -999.9990234375 -999.9990234375 -999.9990234375 -999.9990234375 -999.9990234375
2.88999993354082E-02 6.81999996304512E-02 2.82000005245209E-02 1.82000007480383E-02 6.97000026702881E-02 0 0 6.99999975040555E-04 2.54999995231628E-02 3.03000006824732E-02 5.16000017523766E-02 2.49000005424023E-02 3.75999994575977E-02 0 0 0 0 0 0 0 1.5999999595806E-03 .031700000166893 1.42000000923872E-02 7.06999972462654E-02 .100699998438358 .160699993371964 9.07000005245209E-02 .110699996352196 .220699995756149 .220699995756149 .200699999928474 .200699999928474 .200699999928474 .240700006484985 .290699988603592 .350699990987778 .530700027942657 .460700005292892 .550700008869171 .620700001716614 .540700018405914 .510699987411499 .140699997544289 0 -999.9990234375 -999.9990234375 -999.9990234375 -999.9990234375 -999.9990234375 -999.9990234375 -999.9990234375 -999.9990234375 -999.9990234375 -999.9990234375 -999.9990234375 -999.9990234375 -999.9990234375 -999.9990234375 -999.9990234375
1.21999997645617E-02 6.20000017806888E-03 0 2.83000003546476E-02 2.21999995410442E-02 0 0 0 2.79999990016222E-03 1.31000000983477E-02 2.06000003963709E-02 1.81000009179115E-02 9.4999996945262E-03 0 0 0 0 0 0 0 0 8.10000021010637E-03 .060699999332428 7.06999972462654E-02 .100699998438358 .110699996352196 .100699998438358 .120700001716614 .170699998736382 .220699995756149 .1807000041008 .190699994564056 .250699996948242 .270700007677078 .1807000041008 .470699995756149 .720700025558472 .6807000041008 .640699982643127 .720700025558472 .610700011253357 .630699992179871 .610700011253357 4.06999997794628E-02 0 -999.9990234375 -999.9990234375 -999.9990234375 -999.9990234375 -999.9990234375 -999.9990234375 -999.9990234375 -999.9990234375 -999.9990234375 -999.9990234375 -999.9990234375 -999.9990234375 -999.9990234375 -999.9990234375
4.17000018060207E-02 0 1.18000004440546E-02 0 0 0 0 0 0 9.99999974737875E-05 0 0 0 0 0 0 0 0 0 0 0 2.89999996311963E-03 3.07000000029802E-02 8.07000026106834E-02 .100699998438358 .170699998736382 .150700002908707 .210700005292892 .120700001716614 .1807000041008 .170699998736382 .280699998140335 .250699996948242 .290699988603592 .260699987411499 .530700027942657 .580699980258942 .6007000207901 .610700011253357 .700699985027313 .730700016021729 .690699994564056 .700699985027313 .490700006484985 0 0 -999.9990234375 -999.9990234375 -999.9990234375 -999.9990234375 -999.9990234375 -999.9990234375 -999.9990234375 -999.9990234375 -999.9990234375 -999.9990234375 -999.9990234375 -999.9990234375 -999.9990234375
2.19000000506639E-02 1.88999995589256E-02 0 0 0 0 0 0 0 0 0 0 0 0 0 0 0 0 0 0 0 4.06999997794628E-02 8.07000026106834E-02 8.07000026106834E-02 .170699998736382 .160699993371964 .160699993371964 .220699995756149 .1807000041008 .260699987411499 .190699994564056 .260699987411499 .220699995756149 .230700001120567 .230700001120567 .71069997549057 .820699989795685 .8507000207901 .810699999332428 .790700018405914 .820699989795685 .610700011253357 .370700001716614 0 0 0 -999.9990234375 -999.9990234375 -999.9990234375 -999.9990234375 -999.9990234375 -999.9990234375 -999.9990234375 -999.9990234375 -999.9990234375 -999.9990234375 -999.9990234375 -999.9990234375 -999.9990234375
0 3.10000008903444E-03 0 0 0 0 0 0 0 0 0 0 0 0 0 0 0 0 0 0 6.99999975040555E-04 4.06999997794628E-02 .160699993371964 .120700001716614 .220699995756149 .1807000041008 .1807000041008 .220699995756149 .240700006484985 .160699993371964 .170699998736382 .220699995756149 .260699987411499 .200699999928474 .270700007677078 .440699994564056 .780700027942657 .620700001716614 .510699987411499 .300700008869171 0 0 0 0 0 0 -999.9990234375 -999.9990234375 -999.9990234375 -999.9990234375 -999.9990234375 -999.9990234375 -999.9990234375 -999.9990234375 -999.9990234375 -999.9990234375 -999.9990234375 -999.9990234375 -999.9990234375
0 0 0 0 0 0 0 0 0 0 0 0 0 0 0 0 0 0 0 5.07000014185905E-02 0 .060699999332428 .220699995756149 .250699996948242 .260699987411499 .290699988603592 .220699995756149 .220699995756149 .230700001120567 .150700002908707 .150700002908707 .120700001716614 .270700007677078 0 0 .120700001716614 0 0 0 0 0 0 0 0 0 .226899996399879 -999.9990234375 -999.9990234375 -999.9990234375 -999.9990234375 -999.9990234375 -999.9990234375 -999.9990234375 -999.9990234375 -999.9990234375 -999.9990234375 -999.9990234375 -999.9990234375 -999.9990234375
0 0 0 0 0 0 0 0 0 0 0 0 0 0 0 0 0 0 0 0 0 .150700002908707 .200699999928474 .270700007677078 .340700000524521 .410699993371964 .220699995756149 .250699996948242 .160699993371964 .280699998140335 .260699987411499 .120700001716614 2.07000002264977E-02 6.30000000819564E-03 0 0 0 0 0 0 0 3.68999987840652E-02 .106899999082088 .156900003552437 .156900003552437 .146899998188019 .136899992823601 -999.9990234375 -999.9990234375 -999.9990234375 -999.9990234375 -999.9990234375 -999.9990234375 -999.9990234375 -999.9990234375 -999.9990234375 -999.9990234375 -999.9990234375 -999.9990234375
0 0 0 0 0 0 0 0 0 0 0 0 0 0 0 0 0 3.07000000029802E-02 0 0 8.07000026106834E-02 .160699993371964 .270700007677078 .320699989795685 .380699992179871 .400700002908707 .340700000524521 .220699995756149 .220699995756149 .140699997544289 0 0 6.50000013411045E-03 1.36000001803041E-02 0 0 0 0 0 0 0 0 .096900001168251 .136899992823601 .126900002360344 .136899992823601 .136899992823601 .126900002360344 -999.9990234375 -999.9990234375 -999.9990234375 -999.9990234375 -999.9990234375 -999.9990234375 -999.9990234375 -999.9990234375 -999.9990234375 -999.9990234375 -999.9990234375
4.19999985024333E-03 .023199999704957 0 0 0 0 0 0 0 0 0 0 0 0 0 0 0 0 2.07000002264977E-02 .140699997544289 .130700007081032 .240700006484985 .330700010061264 .360700011253357 .360700011253357 .38060000538826 .38060000538826 .280600011348724 0 0 1.00000004749745E-03 1.00000004749745E-03 1.09999999403954E-03 0 0 0 0 0 0 0 0 0 0 .126900002360344 .126900002360344 .146899998188019 .126900002360344 .126900002360344 0 -999.9990234375 -999.9990234375 -999.9990234375 -999.9990234375 -999.9990234375 -999.9990234375 -999.9990234375 -999.9990234375 -999.9990234375 -999.9990234375
2.03000009059906E-02 0 2.63999998569489E-02 0 0 0 0 0 0 0 0 0 0 0 0 0 0 0 0 0 .110699996352196 .290699988603592 .350699990987778 .340700000524521 .38060000538826 .400599986314774 .330599993467331 .100599996745586 0 0 1.09999999403954E-03 3.9999998989515E-04 0 0 0 0 2.80000008642673E-02 0 0 0 0 0 0 6.89999992027879E-03 .106899999082088 .116899996995926 .176899999380112 1.68999992311001E-02 0 0 -999.9990234375 -999.9990234375 -999.9990234375 -999.9990234375 -999.9990234375 -999.9990234375 -999.9990234375 -999.9990234375 -999.9990234375
9.60000045597553E-03 5.79999992623925E-03 1.83000005781651E-02 2.91000008583069E-02 0 0 0 0 0 0 0 0 0 0 0 0 0 0 0 0 2.07000002264977E-02 .1807000041008 .38060000538826 .260600000619888 .180600002408028 .229599997401237 .100400000810623 0 0 0 0 0 0 0 8.65999981760979E-02 .066600002348423 .011400000192225 3.79999987781048E-02 0 0 0 0 0 0 7.68999978899956E-02 .116899996995926 .126900002360344 0 0 0 -999.9990234375 -999.9990234375 -999.9990234375 -999.9990234375 -999.9990234375 -999.9990234375 -999.9990234375 -999.9990234375 -999.9990234375
3.00000014249235E-04 0 0 2.08000000566244E-02 8.16000029444695E-02 0 0 0 0 0 0 0 0 0 0 0 0 0 0 0 7.06999972462654E-02 4.06999997794628E-02 0 8.00000037997961E-03 2.52999998629093E-02 3.03000006824732E-02 0 0 0 0 0 0 0 0 0 0 .068000003695488 8.00000037997961E-03 0 0 0 0 0 0 0 .156900003552437 .116899996995926 5.68999983370304E-02 0 0 0 -999.9990234375 -999.9990234375 -999.9990234375 -999.9990234375 -999.9990234375 -999.9990234375 -999.9990234375 -999.9990234375
0 1.36000001803041E-02 2.36000008881092E-02 0 3.44999991357327E-02 0 0 0 0 0 0 0 0 0 0 0 0 0 0 0 0 0 0 0 0 4.43999990820885E-02 1.07000004500151E-02 .187900006771088 .178100004792213 0 0 2.55999993532896E-02 0 0 0 0 0 0 0 0 0 0 0 0 0 .106899999082088 8.69000032544136E-02 0 0 0 0 0 -999.9990234375 -999.9990234375 -999.9990234375 -999.9990234375 -999.9990234375 -999.9990234375 -999.9990234375
0 3.35999988019466E-02 1.35000003501773E-02 3.26999984681606E-02 0 0 0 0 0 0 0 0 0 0 0 0 0 0 0 0 0 0 .140000000596046 0 2.88999993354082E-02 6.68999999761581E-02 .233199998736382 .150299996137619 .149599999189377 0 0 2.09999992512167E-03 0 0 0 9.20000020414591E-03 4.91999983787537E-02 .089199997484684 0 0 0 0 0 0 0 0 0 0 3.73000018298626E-02 0 0 0 0 -999.9990234375 -999.9990234375 -999.9990234375 -999.9990234375 -999.9990234375 -999.9990234375
0 1.37000000104308E-02 2.39000003784895E-02 8.99999961256981E-03 0 0 0 0 0 0 0 0 0 0 0 0 0 0 0 0 0 0 1.08000002801418E-02 1.11999996006489E-02 2.63000000268221E-02 2.11999993771315E-02 .104699999094009 1.36000001803041E-02 .149100005626678 .068000003695488 0 4.19999985024333E-03 .147699996829033 0 0 6.92000016570091E-02 4.91999983787537E-02 7.91999995708466E-02 0 0 0 0 0 0 0 .017000000923872 .046900000423193 5.64999990165234E-02 3.66999991238117E-02 1.51000004261732E-02 0 0 0 0 -999.9990234375 -999.9990234375 -999.9990234375 -999.9990234375 -999.9990234375
1.89999993890524E-02 0 0 9.99999977648258E-03 6.98999986052513E-02 0 0 0 0 0 0 0 0 0 0 0 0 0 0 0 0 0 5.9000002220273E-03 0 4.12000007927418E-02 1.99999994947575E-04 1.53000000864267E-02 5.60000017285347E-02 0 3.77999991178513E-02 8.77000018954277E-02 7.68000036478043E-02 7.71000012755394E-02 0 0 5.92000000178814E-02 7.91999995708466E-02 4.91999983787537E-02 0 0 0 0 5.15000000596046E-02 4.25999984145164E-02 0 2.04000007361174E-02 .008500000461936 1.5999999595806E-03 1.79999996908009E-03 0 0 0 0 0 0 -999.9990234375 -999.9990234375 -999.9990234375 -999.9990234375
