sobek/Simulation Result/Existing/Q50 storage1.asc
nCols        140
nRows        174
xllCorner    108250
yllCorner    537700
CellSize     25
nodata_value -999.999
[rows 26 to 51 of 174, columns 59 to 117 of 140]
0 0 1.05999996885657E-02 1.20000005699694E-03 0 0 0 0 0 0 0 0 0 0 8.51000025868416E-02 .13510000705719 0 0 2.42999996989965E-02 .043699998408556 1.03000001981854E-02 .015599999576807 0 .120999999344349 3.42000015079975E-02 2.00999993830919E-02 0 0 -999.9990234375 -999.9990234375 -999.9990234375 -999.9990234375 -999.9990234375 -999.9990234375 -999.9990234375 -999.9990234375 -999.9990234375 -999.9990234375 -999.9990234375 -999.9990234375 -999.9990234375 -999.9990234375 -999.9990234375 -999.9990234375 -999.9990234375 -999.9990234375 -999.9990234375 -999.9990234375 -999.9990234375 -999.9990234375 -999.9990234375 -999.9990234375 -999.9990234375 -999.9990234375 -999.9990234375 -999.9990234375 -999.9990234375 -999.9990234375 -999.9990234375
.125699996948242 0 0 0 0 0 0 0 0 0 .148399993777275 2.47000008821487E-02 1.99999994947575E-04 3.70000004768372E-02 .065700002014637 8.51000025868416E-02 .144400000572205 3.37999984622002E-02 3.35999988019466E-02 1.19000002741814E-02 8.39999970048666E-03 3.62999998033047E-02 .103200003504753 6.76999986171722E-02 7.71000012755394E-02 7.94000029563904E-02 5.97000010311604E-02 2.65999995172024E-02 0 0 -999.9990234375 -999.9990234375 -999.9990234375 -999.9990234375 -999.9990234375 -999.9990234375 -999.9990234375 -999.9990234375 -999.9990234375 -999.9990234375 -999.9990234375 -999.9990234375 -999.9990234375 -999.9990234375 -999.9990234375 -999.9990234375 -999.9990234375 -999.9990234375 -999.9990234375 -999.9990234375 -999.9990234375 -999.9990234375 -999.9990234375 -999.9990234375 -999.9990234375 -999.9990234375 -999.9990234375 -999.9990234375 -999.9990234375
0 4.54000011086464E-02 .154699996113777 0 0 0 0 0 0 0 .144999995827675 9.87000018358231E-02 7.06000030040741E-02 .100299999117851 .118000000715256 .065200001001358 9.39999967813492E-02 .223399996757507 6.26000016927719E-02 4.08000014722347E-02 1.65999997407198E-02 .170200005173683 5.33999986946583E-02 6.53000026941299E-02 7.68999978899956E-02 8.85000005364418E-02 5.84999993443489E-02 7.64999985694885E-02 8.63000005483627E-02 0 2.56999991834164E-02 0 -999.9990234375 0 0 0 -999.9990234375 -999.9990234375 -999.9990234375 -999.9990234375 -999.9990234375 -999.9990234375 -999.9990234375 -999.9990234375 -999.9990234375 -999.9990234375 -999.9990234375 -999.9990234375 -999.9990234375 -999.9990234375 -999.9990234375 -999.9990234375 -999.9990234375 -999.9990234375 -999.9990234375 -999.9990234375 -999.9990234375 -999.9990234375 -999.9990234375
0 0 0 7.54000023007393E-02 2.36000008881092E-02 0 0 0 0 0 0 7.12999999523163E-02 .137099996209145 .102899998426437 .127000004053116 .104900002479553 .163499996066093 .14300000667572 .142299994826317 6.89999982714653E-02 .125699996948242 .113200001418591 3.53999994695187E-02 4.54000011086464E-02 7.76999965310097E-02 3.68999987840652E-02 6.68999999761581E-02 9.62999984622002E-02 9.58999991416931E-02 .155599996447563 .185599997639656 .185599997639656 .135600000619888 .215599998831749 .165099993348122 .143399998545647 0 0 -999.9990234375 -999.9990234375 -999.9990234375 -999.9990234375 -999.9990234375 -999.9990234375 -999.9990234375 -999.9990234375 -999.9990234375 -999.9990234375 -999.9990234375 -999.9990234375 -999.9990234375 -999.9990234375 -999.9990234375 -999.9990234375 -999.9990234375 -999.9990234375 -999.9990234375 -999.9990234375 -999.9990234375
0 0 0 0 4.39999997615814E-03 .13289999961853 3.24000008404255E-02 0 0 4.61000017821789E-02 2.12999992072582E-02 2.32999995350838E-02 1.41000002622604E-02 .110699996352196 .116800002753735 .184300005435944 .173600003123283 .172399997711182 .181600004434586 .139200001955032 8.60999971628189E-02 8.38000029325485E-02 5.70000000298023E-02 5.75999990105629E-02 5.11999987065792E-02 1.15999998524785E-02 3.61000001430511E-02 5.59000000357628E-02 .155699998140335 .205699995160103 .165600001811981 .175600007176399 .155599996447563 .245600000023842 .415600001811981 .265599995851517 .205599993467331 .185599997639656 0 -999.9990234375 -999.9990234375 -999.9990234375 -999.9990234375 -999.9990234375 -999.9990234375 -999.9990234375 -999.9990234375 -999.9990234375 -999.9990234375 -999.9990234375 -999.9990234375 -999.9990234375 -999.9990234375 -999.9990234375 -999.9990234375 -999.9990234375 -999.9990234375 -999.9990234375 -999.9990234375
0 0 0 .032200001180172 7.69999995827675E-03 0 0 9.17000025510788E-02 4.03999984264374E-02 3.35999988019466E-02 1.15999998524785E-02 6.20000017806888E-03 0 1.71000007539988E-02 .096000000834465 8.48999992012978E-02 .103100001811981 .221599996089935 .160799995064735 .119400002062321 8.65999981760979E-02 9.44000035524368E-02 4.89000007510185E-02 2.96999998390675E-02 5.64000010490417E-02 2.47000008821487E-02 .046000000089407 4.58000004291534E-02 .13570000231266 .17569999396801 .185599997639656 .165600001811981 .165600001811981 .145600005984306 .785600006580353 .665600001811981 .46560001373291 .285600006580353 .215599998831749 0 -999.9990234375 -999.9990234375 -999.9990234375 -999.9990234375 -999.9990234375 -999.9990234375 -999.9990234375 -999.9990234375 -999.9990234375 -999.9990234375 -999.9990234375 -999.9990234375 -999.9990234375 -999.9990234375 -999.9990234375 -999.9990234375 -999.9990234375 -999.9990234375 -999.9990234375
1.96000002324581E-02 0 0 1.53000000864267E-02 0 0 2.49999994412065E-03 0 0 2.0000000949949E-03 3.50000010803342E-03 1.00000004749745E-03 0 0 0 0 0 9.08999964594841E-02 .110699996352196 9.87000018358231E-02 9.70000028610229E-02 6.36000037193298E-02 5.97000010311604E-02 2.82000005245209E-02 3.15000005066395E-02 2.95000001788139E-02 3.59000004827976E-02 9.57000032067299E-02 .125699996948242 .195700004696846 .205599993467331 .175600007176399 .155599996447563 .155599996447563 .575600028038025 .735599994659424 .875599980354309 .805599987506866 .595600008964539 .165600001811981 0 -999.9990234375 -999.9990234375 -999.9990234375 -999.9990234375 -999.9990234375 -999.9990234375 -999.9990234375 -999.9990234375 -999.9990234375 -999.9990234375 -999.9990234375 -999.9990234375 -999.9990234375 -999.9990234375 -999.9990234375 -999.9990234375 -999.9990234375 -999.9990234375
9.60000045597553E-03 0 5.82999996840954E-02 6.83000013232231E-02 0 0 0 0 0 3.10000008903444E-03 3.50000010803342E-03 1.99999994947575E-04 0 0 0 0 0 0 0 4.65999990701675E-02 4.56000007688999E-02 5.33000007271767E-02 2.72000003606081E-02 3.99000011384487E-02 3.66000011563301E-02 1.9000000320375E-03 5.57000003755093E-02 9.57000032067299E-02 .165700003504753 .205599993467331 .215599998831749 .215599998831749 .275599986314774 .25560000538826 .315600007772446 .525600016117096 .655600011348724 .71560001373291 .71560001373291 .435600012540817 0 0 -999.9990234375 -999.9990234375 -999.9990234375 -999.9990234375 -999.9990234375 -999.9990234375 -999.9990234375 -999.9990234375 -999.9990234375 -999.9990234375 -999.9990234375 -999.9990234375 -999.9990234375 -999.9990234375 -999.9990234375 -999.9990234375 -999.9990234375
8.2999998703599E-03 .048200000077486 6.83000013232231E-02 .098300002515316 0 9.07000005245209E-02 4.19000014662743E-02 7.53000006079674E-02 0 5.2000000141561E-03 3.22999991476536E-02 0 0 0 0 0 0 0 0 2.66999993473291E-02 4.50000017881393E-02 4.30999994277954E-02 6.99999975040555E-04 0 4.58000004291534E-02 3.57000008225441E-02 .105700001120567 .17569999396801 .245700001716614 .215599998831749 .275599986314774 .215599998831749 .265599995851517 .245600000023842 .29559999704361 .54559999704361 .405600011348724 .315600007772446 .355599999427795 .395599991083145 .215599998831749 0 -999.9990234375 -999.9990234375 -999.9990234375 -999.9990234375 -999.9990234375 -999.9990234375 -999.9990234375 -999.9990234375 -999.9990234375 -999.9990234375 -999.9990234375 -999.9990234375 -999.9990234375 -999.9990234375 -999.9990234375 -999.9990234375 -999.9990234375
.118000000715256 5.82000017166138E-02 5.82000017166138E-02 3.81999984383583E-02 2.81000006943941E-02 6.94999992847443E-02 1.86000000685453E-02 8.92999991774559E-02 6.12999983131886E-02 0 .043699998408556 5.16999997198582E-02 0 0 0 0 0 0 0 6.58999979496002E-02 6.53999969363213E-02 4.61999997496605E-02 2.15000007301569E-02 1.00999996066093E-02 .065700002014637 .13570000231266 .185699999332428 .105700001120567 .3057000041008 .145600005984306 .205599993467331 .225600004196167 .265599995851517 .185599997639656 .185599997639656 .435600012540817 .495599985122681 .385600000619888 .375600010156631 .385600000619888 .415600001811981 .205599993467331 0 -999.9990234375 -999.9990234375 -999.9990234375 -999.9990234375 -999.9990234375 -999.9990234375 -999.9990234375 -999.9990234375 -999.9990234375 -999.9990234375 -999.9990234375 -999.9990234375 -999.9990234375 -999.9990234375 -999.9990234375 -999.9990234375
2.88999993354082E-02 6.81999996304512E-02 2.82000005245209E-02 1.82000007480383E-02 6.97000026702881E-02 0 0 6.99999975040555E-04 2.54999995231628E-02 3.03000006824732E-02 5.16000017523766E-02 2.49000005424023E-02 3.75999994575977E-02 0 0 0 0 0 0 0 1.5999999595806E-03 .031700000166893 1.41000002622604E-02 6.56000003218651E-02 9.57000032067299E-02 .155699998140335 8.56999978423119E-02 .105700001120567 .215599998831749 .215599998831749 .195600003004074 .195600003004074 .195600003004074 .235599994659424 .285600006580353 .345600008964539 .525600016117096 .455599993467331 .54559999704361 .615599989891052 .535600006580353 .505599975585938 .135600000619888 0 -999.9990234375 -999.9990234375 -999.9990234375 -999.9990234375 -999.9990234375 -999.9990234375 -999.9990234375 -999.9990234375 -999.9990234375 -999.9990234375 -999.9990234375 -999.9990234375 -999.9990234375 -999.9990234375 -999.9990234375
1.21999997645617E-02 6.30000000819564E-03 0 2.83000003546476E-02 2.21999995410442E-02 0 0 0 2.79999990016222E-03 1.31000000983477E-02 2.06000003963709E-02 1.81000009179115E-02 9.4999996945262E-03 0 0 0 0 0 0 0 0 .008500000461936 5.57000003755093E-02 .065700002014637 9.57000032067299E-02 .105700001120567 9.57000032067299E-02 .115699999034405 .165600001811981 .215599998831749 .175600007176399 .185599997639656 .245600000023842 .265599995851517 .175600007176399 .46560001373291 .71560001373291 .675599992275238 .635599970817566 .71560001373291 .605599999427795 .625599980354309 .605599999427795 3.55999991297722E-02 0 -999.9990234375 -999.9990234375 -999.9990234375 -999.9990234375 -999.9990234375 -999.9990234375 -999.9990234375 -999.9990234375 -999.9990234375 -999.9990234375 -999.9990234375 -999.9990234375 -999.9990234375 -999.9990234375
4.17000018060207E-02 0 1.18000004440546E-02 0 0 0 0 0 0 9.99999974737875E-05 0 0 0 0 0 0 0 0 0 0 0 1.9000000320375E-03 2.56999991834164E-02 7.56999999284744E-02 9.57000032067299E-02 .165700003504753 .145699992775917 .205699995160103 .115599997341633 .175600007176399 .165600001811981 .275599986314774 .245600000023842 .285600006580353 .25560000538826 .525600016117096 .575600028038025 .595600008964539 .605599999427795 .695599973201752 .725600004196167 .685599982738495 .695599973201752 .485599994659424 0 0 -999.9990234375 -999.9990234375 -999.9990234375 -999.9990234375 -999.9990234375 -999.9990234375 -999.9990234375 -999.9990234375 -999.9990234375 -999.9990234375 -999.9990234375 -999.9990234375 -999.9990234375
2.19000000506639E-02 1.88999995589256E-02 0 0 0 0 0 0 0 0 0 0 0 0 0 0 0 0 0 0 0 3.57000008225441E-02 7.56999999284744E-02 7.56999999284744E-02 .165700003504753 .155699998140335 .155699998140335 .215700000524521 .17569999396801 .25560000538826 .185599997639656 .25560000538826 .215599998831749 .225600004196167 .225600004196167 .705600023269653 .815599977970123 .845600008964539 .805599987506866 .785600006580353 .815599977970123 .605599999427795 .365599989891052 0 0 0 -999.9990234375 -999.9990234375 -999.9990234375 -999.9990234375 -999.9990234375 -999.9990234375 -999.9990234375 -999.9990234375 -999.9990234375 -999.9990234375 -999.9990234375 -999.9990234375 -999.9990234375
0 3.10000008903444E-03 0 0 0 0 0 0 0 0 0 0 0 0 0 0 0 0 0 0 0 3.57000008225441E-02 .155699998140335 .115699999034405 .215700000524521 .17569999396801 .17569999396801 .215700000524521 .235699996352196 .155599996447563 .165600001811981 .215599998831749 .25560000538826 .195600003004074 .265599995851517 .435600012540817 .775600016117096 .615599989891052 .505599975585938 .29559999704361 0 0 0 0 0 0 -999.9990234375 -999.9990234375 -999.9990234375 -999.9990234375 -999.9990234375 -999.9990234375 -999.9990234375 -999.9990234375 -999.9990234375 -999.9990234375 -999.9990234375 -999.9990234375 -999.9990234375
0 0 0 0 0 0 0 0 0 0 0 0 0 0 0 0 0 0 0 4.56999987363815E-02 0 5.57000003755093E-02 .215700000524521 .245700001716614 .255699992179871 .285699993371964 .215700000524521 .215700000524521 .225700005888939 .145600005984306 .145600005984306 .115599997341633 .265599995851517 0 0 .115599997341633 0 0 0 0 0 0 0 0 0 .226600006222725 -999.9990234375 -999.9990234375 -999.9990234375 -999.9990234375 -999.9990234375 -999.9990234375 -999.9990234375 -999.9990234375 -999.9990234375 -999.9990234375 -999.9990234375 -999.9990234375 -999.9990234375
0 0 0 0 0 0 0 0 0 0 0 0 0 0 0 0 0 0 0 0 0 .145699992775917 .195700004696846 .26570001244545 .335700005292892 .405699998140335 .215599998831749 .245600000023842 .155599996447563 .275599986314774 .25560000538826 .115599997341633 .015599999576807 6.3999998383224E-03 0 0 0 0 0 0 0 3.66000011563301E-02 .106600001454353 .156599998474121 .156599998474121 .146599993109703 .136600002646446 -999.9990234375 -999.9990234375 -999.9990234375 -999.9990234375 -999.9990234375 -999.9990234375 -999.9990234375 -999.9990234375 -999.9990234375 -999.9990234375 -999.9990234375 -999.9990234375
0 0 0 0 0 0 0 0 0 0 0 0 0 0 0 0 0 2.56999991834164E-02 0 0 7.56999999284744E-02 .155699998140335 .26570001244545 .315699994564056 .375699996948242 .395700007677078 .335599988698959 .215599998831749 .215599998831749 .135600000619888 0 0 6.50000013411045E-03 1.36000001803041E-02 0 0 0 0 0 0 0 0 9.66000035405159E-02 .136600002646446 .126599997282028 .136600002646446 .136600002646446 .126599997282028 -999.9990234375 -999.9990234375 -999.9990234375 -999.9990234375 -999.9990234375 -999.9990234375 -999.9990234375 -999.9990234375 -999.9990234375 -999.9990234375 -999.9990234375
4.30000014603138E-03 2.32999995350838E-02 0 0 0 0 0 0 0 0 0 0 0 0 0 0 0 0 1.56999994069338E-02 .13570000231266 .125699996948242 .235699996352196 .325700014829636 .355699986219406 .355699986219406 .375600010156631 .375600010156631 .275599986314774 0 0 1.00000004749745E-03 1.00000004749745E-03 1.09999999403954E-03 0 0 0 0 0 0 0 0 0 0 .126599997282028 .126599997282028 .146599993109703 .126599997282028 .126599997282028 0 -999.9990234375 -999.9990234375 -999.9990234375 -999.9990234375 -999.9990234375 -999.9990234375 -999.9990234375 -999.9990234375 -999.9990234375 -999.9990234375
2.03000009059906E-02 0 2.64999996870756E-02 0 0 0 0 0 0 0 0 0 0 0 0 0 0 0 0 0 .105700001120567 .285600006580353 .345600008964539 .335700005292892 .375600010156631 .395599991083145 .325599998235703 .095600001513958 0 0 1.09999999403954E-03 3.9999998989515E-04 0 0 0 0 2.85000000149012E-02 0 0 0 0 0 0 6.59999996423721E-03 .106600001454353 .116599999368191 .176599994301796 1.65999997407198E-02 0 0 -999.9990234375 -999.9990234375 -999.9990234375 -999.9990234375 -999.9990234375 -999.9990234375 -999.9990234375 -999.9990234375 -999.9990234375
9.60000045597553E-03 5.79999992623925E-03 1.84000004082918E-02 2.92000006884336E-02 0 0 0 0 0 0 0 0 0 0 0 0 0 0 0 0 .015599999576807 .175600007176399 .375600010156631 .255499988794327 .175500005483627 .224399998784065 9.52999964356422E-02 0 0 0 0 0 0 0 8.65999981760979E-02 .066600002348423 .011400000192225 3.84999997913837E-02 0 0 0 0 0 0 7.66000002622604E-02 .116599999368191 .126599997282028 0 0 0 -999.9990234375 -999.9990234375 -999.9990234375 -999.9990234375 -999.9990234375 -999.9990234375 -999.9990234375 -999.9990234375 -999.9990234375
3.9999998989515E-04 0 0 2.08000000566244E-02 8.16000029444695E-02 0 0 0 0 0 0 0 0 0 0 0 0 0 0 0 6.56000003218651E-02 3.55999991297722E-02 0 7.30000017210841E-03 2.49000005424023E-02 3.04000005125999E-02 0 0 0 0 0 0 0 0 0 0 6.84999972581863E-02 .008500000461936 0 0 0 0 0 0 0 .156599998474121 .116599999368191 5.66000007092953E-02 0 0 0 -999.9990234375 -999.9990234375 -999.9990234375 -999.9990234375 -999.9990234375 -999.9990234375 -999.9990234375 -999.9990234375
0 1.38999996706843E-02 2.39000003784895E-02 0 3.44999991357327E-02 0 0 0 0 0 0 0 0 0 0 0 0 0 0 0 0 0 0 0 0 4.43999990820885E-02 1.08000002801418E-02 .18809999525547 .178299993276596 0 0 2.85999998450279E-02 0 0 0 0 0 0 0 0 0 0 0 0 0 .106600001454353 8.65999981760979E-02 0 0 0 0 0 -999.9990234375 -999.9990234375 -999.9990234375 -999.9990234375 -999.9990234375 -999.9990234375 -999.9990234375
0 3.39000001549721E-02 1.37999998405576E-02 3.29999998211861E-02 0 0 0 0 0 0 0 0 0 0 0 0 0 0 0 0 0 0 .140000000596046 0 .028999999165535 6.68999999761581E-02 .233500003814697 .150499999523163 .149800002574921 0 0 2.19999998807907E-03 0 0 0 9.4999996945262E-03 4.94999997317791E-02 8.95000025629997E-02 0 0 0 0 0 0 0 0 0 0 3.73000018298626E-02 0 0 0 0 -999.9990234375 -999.9990234375 -999.9990234375 -999.9990234375 -999.9990234375 -999.9990234375
0 1.40000004321337E-02 .024100000038743 8.99999961256981E-03 0 0 0 0 0 0 0 0 0 0 0 0 0 0 0 0 0 0 1.08000002801418E-02 .011400000192225 2.64999996870756E-02 2.12999992072582E-02 .104999996721745 1.38999996706843E-02 .149299994111061 6.81999996304512E-02 0 4.30000014603138E-03 .147799998521805 0 0 6.94999992847443E-02 4.94999997317791E-02 7.94999971985817E-02 0 0 0 0 0 0 0 .017000000923872 .046900000423193 5.64999990165234E-02 3.66999991238117E-02 1.51000004261732E-02 0 0 0 0 -999.9990234375 -999.9990234375 -999.9990234375 -999.9990234375 -999.9990234375
1.90999992191792E-02 0 0 9.99999977648258E-03 6.98999986052513E-02 0 0 0 0 0 0 0 0 0 0 0 0 0 0 0 0 0 5.9000002220273E-03 0 4.14000004529953E-02 1.99999994947575E-04 .015599999576807 5.62999993562698E-02 0 3.81000004708767E-02 8.78999978303909E-02 7.69999995827675E-02 7.72999972105026E-02 0 0 5.95000013709068E-02 7.94999971985817E-02 4.94999997317791E-02 0 0 0 0 5.15000000596046E-02 4.25999984145164E-02 0 2.04000007361174E-02 .008500000461936 1.5999999595806E-03 1.79999996908009E-03 0 0 0 0 0 0 -999.9990234375 -999.9990234375 -999.9990234375 -999.9990234375
