sobek/Simulation Result/Existing/Q50 storage1.asc
nCols        140
nRows        174
xllCorner    108250
yllCorner    537700
CellSize     25
nodata_value -999.999
[rows 130 to 155 of 174, columns 0 to 58 of 140]
-999.9990234375 -999.9990234375 -999.9990234375 -999.9990234375 -999.9990234375 -999.9990234375 -999.9990234375 -999.9990234375 -999.9990234375 -999.9990234375 -999.9990234375 0 0 0 0 0 0 0 0 0 0 0 0 0 0 0 0 0 0 0 8.72000008821487E-02 5.71999996900558E-02 .157199993729591 3.72000001370907E-02 0 0 2.99999993294477E-02 7.00000021606684E-03 2.89999996311963E-03 0 0 0 0 0 0 0 0 0 0 0 0 0 0 0 0 0 0 0 0
-999.9990234375 -999.9990234375 -999.9990234375 -999.9990234375 -999.9990234375 -999.9990234375 -999.9990234375 -999.9990234375 -999.9990234375 0 0 0 0 0 0 0 0 0 0 0 0 0 0 0 0 0 0 0 0 0 2.72000003606081E-02 0 1.72000005841255E-02 7.19999987632036E-03 0 0 0 3.13999988138676E-02 0 0 0 0 0 0 0 0 0 0 0 0 0 0 0 0 0 0 0 0 0
-999.9990234375 -999.9990234375 -999.9990234375 0 0 0 -999.9990234375 -999.9990234375 0 0 0 0 0 0 0 0 0 0 0 0 0 0 0 0 0 .387199997901917 0 0 0 0 0 0 0 0 0 0 0 0 0 0 0 5.9000002220273E-03 4.19999985024333E-03 5.13000003993511E-02 0 0 0 0 0 0 0 0 0 0 0 0 0 0 0
-999.9990234375 0 0 0 0 0 0 0 0 0 0 0 0 0 0 0 0 0 0 0 0 0 0 0 .357199996709824 .147200003266335 0 0 0 0 0 0 0 0 0 0 0 0 2.71000005304813E-02 0 0 1.78999993950129E-02 0 0 0 0 0 0 0 0 0 0 0 0 0 0 0 0 0
-999.9990234375 -999.9990234375 0 0 0 0 0 0 0 0 0 0 0 0 0 0 0 0 0 0 0 0 0 .157199993729591 0 0 0 0 0 0 0 0 0 0 0 0 0 0 .065700002014637 7.00000021606684E-03 2.81000006943941E-02 8.99999961256981E-03 1.97000000625849E-02 9.20000020414591E-03 .024100000038743 0 0 0 0 0 0 0 0 0 0 0 0 0 0
-999.9990234375 -999.9990234375 -999.9990234375 -999.9990234375 0 0 0 0 0 0 0 0 0 0 0 0 0 0 0 0 0 .217199996113777 7.19999987632036E-03 7.19999987632036E-03 0 0 0 0 0 0 0 0 0 0 0 0 0 0 0 .106799997389317 8.2999998703599E-03 4.98000010848045E-02 4.98999990522861E-02 3.00999991595745E-02 0 0 0 0 0 1.62000004202127E-02 0 0 0 0 0 0 0 0 0
-999.9990234375 -999.9990234375 -999.9990234375 -999.9990234375 0 0 0 0 0 0 0 .226899996399879 0 0 0 0 0 0 0 .167199999094009 8.72000008821487E-02 2.72000003606081E-02 0 0 0 0 0 0 0 0 1.26000000163913E-02 1.26000000163913E-02 2.26000007241964E-02 0 2.09999992512167E-03 0 5.10000018402934E-03 0 0 6.71999976038933E-02 5.77000007033348E-02 2.96000000089407E-02 4.98999990522861E-02 2.12999992072582E-02 0 0 0 0 0 0 0 0 0 0 0 0 0 7.20999985933304E-02 1.9000000320375E-03
-999.9990234375 -999.9990234375 0 0 0 0 0 0 6.99999975040555E-04 0 0 .096900001168251 .396899998188019 0 0 0 0 0 3.72000001370907E-02 0 0 3.70000000111759E-03 2.08000000566244E-02 2.70000007003546E-03 3.50000010803342E-03 5.40999993681908E-02 2.41999998688698E-02 .014299999922514 0 0 .032600000500679 5.26000000536442E-02 1.25000001862645E-02 4.23000007867813E-02 1.22999995946884E-02 1.21999997645617E-02 1.00000004749745E-03 1.15000000223517E-02 0 0 6.80999979376793E-02 3.99999991059303E-02 .031199999153614 6.14000000059605E-02 0 0 0 0 0 0 2.12999992072582E-02 0 0 0 6.00000005215406E-03 2.27000005543232E-02 3.20999994874001E-02 3.20999994874001E-02 .102099999785423
-999.9990234375 0 0 0 0 1.97000000625849E-02 1.85000002384186E-02 3.55999991297722E-02 5.40000014007092E-02 7.23000019788742E-02 0 0 1.68999992311001E-02 .246900007128716 0 0 7.72000029683113E-02 0 0 2.40000011399388E-03 1.20000001043081E-02 2.88999993354082E-02 2.18000002205372E-02 2.32999995350838E-02 .034000001847744 4.41000014543533E-02 1.42000000923872E-02 4.10000002011657E-03 0 0 .012699999846518 5.26000000536442E-02 2.25000008940697E-02 5.22999987006187E-02 5.22999987006187E-02 2.20999997109175E-02 1.16999996826053E-02 1.15000000223517E-02 6.15000016987324E-02 1.39999995008111E-03 4.12000007927418E-02 9.12000015377998E-02 7.15000033378601E-02 7.15000033378601E-02 4.16000001132488E-02 0 0 0 0 .012699999846518 3.10999993234873E-02 5.2000000141561E-03 2.85999998450279E-02 3.84999997913837E-02 7.30000017210841E-03 4.67000007629395E-02 4.90000005811453E-03 2.19999998807907E-03 8.20999965071678E-02
-999.9990234375 0 1.66999995708466E-02 4.19999994337559E-02 5.73000013828278E-02 .151299998164177 4.85999993979931E-02 .116700001060963 7.49000012874603E-02 .10080000013113 9.79999974370003E-02 0 0 0 0 0 3.72000001370907E-02 1.15000000223517E-02 1.86000000685453E-02 .048700001090765 3.90000008046627E-02 1.13000003620982E-02 4.32999990880489E-02 4.36000004410744E-02 4.39999997615814E-02 5.40999993681908E-02 1.44999995827675E-02 4.19999985024333E-03 0 4.19999985024333E-03 3.50000010803342E-03 2.27000005543232E-02 2.25000008940697E-02 .022299999371171 4.23000007867813E-02 2.19999998807907E-02 4.16000001132488E-02 3.13999988138676E-02 .011400000192225 .031199999153614 5.15000000596046E-02 8.15000012516975E-02 7.15999975800514E-02 7.15999975800514E-02 .141699999570847 0 0 0 5.31000010669231E-02 6.69999979436398E-03 5.2000000141561E-03 .102600000798702 3.86999994516373E-02 7.84000009298325E-02 6.81999996304512E-02 5.79000003635883E-02 1.78999993950129E-02 0 3.20999994874001E-02
-999.9990234375 -999.9990234375 -999.9990234375 2.12999992072582E-02 5.09000010788441E-02 .059799998998642 9.76999998092651E-02 .107100002467632 7.68999978899956E-02 3.75000014901161E-02 7.88000002503395E-02 .107900001108646 0 0 .119199998676777 7.59000033140183E-02 2.32999995350838E-02 2.00999993830919E-02 2.32999995350838E-02 4.12000007927418E-02 3.04000005125999E-02 2.23999992012978E-02 3.33999991416931E-02 3.35999988019466E-02 3.42000015079975E-02 4.43000011146069E-02 2.54999995231628E-02 0 1.89999993890524E-02 2.85999998450279E-02 3.80000006407499E-03 0 2.70000007003546E-03 1.22999995946884E-02 3.22999991476536E-02 2.19999998807907E-03 0 1.04000000283122E-02 6.00000005215406E-03 4.16000001132488E-02 7.15999975800514E-02 8.16999971866608E-02 8.16999971866608E-02 7.16999992728233E-02 6.17999993264675E-02 7.18000009655952E-02 0 2.30999998748302E-02 2.30999998748302E-02 2.30999998748302E-02 1.00000004749745E-03 2.09999992512167E-03 .090999998152256 4.89000007510185E-02 1.83000005781651E-02 4.80000004172325E-02 2.80000008642673E-02 1.75000000745058E-02 3.59999993816018E-03
-999.9990234375 -999.9990234375 -999.9990234375 -999.9990234375 0 2.91000008583069E-02 7.82999992370605E-02 7.77999982237816E-02 7.71000012755394E-02 5.73000013828278E-02 1.94000005722046E-02 7.76999965310097E-02 .167400002479553 6.65000006556511E-02 .043699998408556 5.46000003814697E-02 2.30999998748302E-02 3.79000008106232E-02 4.96999993920326E-02 3.57000008225441E-02 6.20000017806888E-03 3.33999991416931E-02 4.34999987483025E-02 8.60000029206276E-03 2.99999993294477E-02 2.30000005103648E-03 2.73000001907349E-02 8.79999995231628E-03 2.91000008583069E-02 1.90999992191792E-02 .008500000461936 5.10000018402934E-03 0 1.50000001303852E-03 0 0 0 2.87999995052814E-02 1.13000003620982E-02 4.17999997735024E-02 5.18000014126301E-02 7.18000009655952E-02 7.18000009655952E-02 7.18000009655952E-02 8.19000005722046E-02 .111900001764297 1.9000000320375E-03 0 1.31000000983477E-02 3.40000004507601E-03 4.30000014603138E-03 5.59999980032444E-03 8.07999968528748E-02 5.93999996781349E-02 .048700001090765 5.82000017166138E-02 3.81999984383583E-02 6.89999992027879E-03 5.9000002220273E-03
-999.9990234375 -999.9990234375 -999.9990234375 -999.9990234375 -999.9990234375 -999.9990234375 9.89999994635582E-03 .048300001770258 7.76999965310097E-02 3.77999991178513E-02 1.88999995589256E-02 3.94000001251698E-02 4.89000007510185E-02 0 0 2.71000005304813E-02 5.02000004053116E-02 3.61000001430511E-02 .015599999576807 9.99999977648258E-03 1.09999999403954E-02 1.49999996647239E-02 .022299999371171 3.81999984383583E-02 3.81000004708767E-02 3.66000011563301E-02 4.17000018060207E-02 4.06000018119812E-02 2.92000006884336E-02 1.97000000625849E-02 2.10999995470047E-02 4.38000001013279E-02 0 0 0 0 0 0 9.10000037401915E-03 0 8.19000005722046E-02 .101899996399879 .091899998486042 8.19000005722046E-02 8.19000005722046E-02 8.19000005722046E-02 8.20000022649765E-02 2.40000011399388E-03 2.30999998748302E-02 0 0 0 0 7.05000013113022E-02 .069300003349781 2.84000001847744E-02 1.85000002384186E-02 0 0
-999.9990234375 -999.9990234375 -999.9990234375 -999.9990234375 -999.9990234375 -999.9990234375 -999.9990234375 0 0 0 0 0 0 0 0 0 .011400000192225 9.70000028610229E-03 1.68999992311001E-02 1.77999995648861E-02 9.4999996945262E-03 1.44999995827675E-02 2.38000005483627E-02 2.71000005304813E-02 1.99999995529652E-02 2.93000005185604E-02 6.27000033855438E-02 3.15000005066395E-02 0 1.02000003680587E-02 3.89999989420176E-03 0 0 0 0 0 0 .017000000923872 3.46999987959862E-02 3.59999993816018E-03 .112000003457069 8.20000022649765E-02 7.19999969005585E-02 8.20000022649765E-02 .101999998092651 3.20000015199184E-02 .122100003063679 4.21000011265278E-02 0 0 0 0 0 3.50000010803342E-03 2.00999993830919E-02 1.85000002384186E-02 6.85999989509583E-02 1.86999998986721E-02 0
-999.9990234375 -999.9990234375 -999.9990234375 -999.9990234375 -999.9990234375 -999.9990234375 -999.9990234375 -999.9990234375 -999.9990234375 0 0 0 0 0 0 0 0 1.36000001803041E-02 2.20999997109175E-02 1.85000002384186E-02 3.02000008523464E-02 2.66999993473291E-02 6.97999969124794E-02 .025000000372529 2.64999996870756E-02 .013399999588728 1.53999999165535E-02 4.60000010207295E-03 0 0 0 0 0 0 0 0 0 5.31999990344048E-02 2.83000003546476E-02 1.48000000044703E-02 0 8.20000022649765E-02 7.20999985933304E-02 .122100003063679 .122100003063679 .152099996805191 .142100006341934 .172099992632866 0 0 0 1.00000004749745E-03 1.39999995008111E-03 1.30000000353903E-03 7.69999995827675E-02 2.08000000566244E-02 2.85999998450279E-02 1.86000000685453E-02 0
-999.9990234375 -999.9990234375 -999.9990234375 -999.9990234375 -999.9990234375 -999.9990234375 -999.9990234375 -999.9990234375 -999.9990234375 -999.9990234375 -999.9990234375 -999.9990234375 0 0 0 0 0 5.31999990344048E-02 4.72000017762184E-02 8.60000029206276E-03 .045499999076128 3.35999988019466E-02 4.23000007867813E-02 2.44999993592501E-02 3.57000008225441E-02 2.09999997168779E-02 1.85000002384186E-02 0 0 0 0 0 0 0 0 2.76999995112419E-02 5.62000013887882E-02 7.51999989151955E-02 9.60000045597553E-03 6.00000005215406E-03 2.60000000707805E-03 7.20999985933304E-02 .142100006341934 .142100006341934 .142100006341934 .132100000977516 .142100006341934 .172099992632866 5.22000007331371E-02 0 2.09999992512167E-03 2.20999997109175E-02 3.50000010803342E-03 7.1000000461936E-03 2.62000001966953E-02 3.59999984502792E-02 1.87999997287989E-02 4.80000022798777E-03 0
-999.9990234375 -999.9990234375 -999.9990234375 -999.9990234375 -999.9990234375 -999.9990234375 -999.9990234375 -999.9990234375 -999.9990234375 -999.9990234375 -999.9990234375 -999.9990234375 -999.9990234375 -999.9990234375 0 0 0 0 4.47999984025955E-02 5.79999983310699E-02 2.80000008642673E-02 2.32999995350838E-02 3.81000004708767E-02 2.80000008642673E-02 3.94000001251698E-02 0 0 0 0 0 0 0 0 0 0 7.90000036358833E-02 4.67000007629395E-02 4.61999997496605E-02 1.9000000320375E-03 1.00000004749745E-03 0 0 .122100003063679 .112099997699261 .152099996805191 .172099992632866 .152099996805191 .12219999730587 .192200005054474 1.21999997645617E-02 2.21999995410442E-02 2.09999992512167E-03 1.21999997645617E-02 3.10000008903444E-03 0 .016499999910593 0 2.70000007003546E-03 3.26999984681606E-02
-999.9990234375 -999.9990234375 -999.9990234375 -999.9990234375 -999.9990234375 -999.9990234375 -999.9990234375 -999.9990234375 -999.9990234375 -999.9990234375 -999.9990234375 -999.9990234375 -999.9990234375 -999.9990234375 -999.9990234375 -999.9990234375 -999.9990234375 0 2.18000002205372E-02 2.07000002264977E-02 6.15000016987324E-02 .049600001424551 3.90999987721443E-02 0 0 0 0 0 0 0 0 0 0 0 0 .030799999833107 1.5999999595806E-03 3.00000014249235E-04 1.00000004749745E-03 0 0 0 7.20999985933304E-02 4.21000011265278E-02 .132100000977516 .112199999392033 .162200003862381 .142199993133545 .162200003862381 .112199999392033 1.21999997645617E-02 2.09999992512167E-03 1.20999999344349E-02 0 0 0 4.27000001072884E-02 .122699998319149 5.27000017464161E-02
-999.9990234375 -999.9990234375 -999.9990234375 -999.9990234375 -999.9990234375 -999.9990234375 -999.9990234375 -999.9990234375 -999.9990234375 -999.9990234375 -999.9990234375 -999.9990234375 -999.9990234375 -999.9990234375 -999.9990234375 -999.9990234375 -999.9990234375 -999.9990234375 -999.9990234375 0 0 3.40000004507601E-03 0 0 0 0 0 0 0 0 0 0 0 0 0 0 3.79000008106232E-02 0 0 1.5999999595806E-03 0 0 0 2.60000005364418E-02 5.22000007331371E-02 .102200001478195 .12219999730587 .132200002670288 .112199999392033 .12219999730587 0 0 0 0 0 .102700002491474 .132699996232986 .142700001597404 0
-999.9990234375 -999.9990234375 -999.9990234375 -999.9990234375 -999.9990234375 -999.9990234375 -999.9990234375 -999.9990234375 -999.9990234375 -999.9990234375 -999.9990234375 -999.9990234375 -999.9990234375 -999.9990234375 -999.9990234375 -999.9990234375 -999.9990234375 -999.9990234375 -999.9990234375 -999.9990234375 -999.9990234375 0 0 0 0 0 0 3.40000004507601E-03 0 0 0 0 0 0 0 0 0 1.02000003680587E-02 9.39999986439943E-03 2.09999992512167E-03 1.50000001303852E-03 1.00000004749745E-03 6.99999975040555E-04 1.75999999046326E-02 4.21999990940094E-02 5.22000007331371E-02 9.22000035643578E-02 .12219999730587 .112199999392033 8.22999998927116E-02 6.23000003397465E-02 0 0 0 9.26999971270561E-02 8.26999992132187E-02 9.26999971270561E-02 .122699998319149 9.26999971270561E-02
-999.9990234375 -999.9990234375 -999.9990234375 -999.9990234375 -999.9990234375 -999.9990234375 -999.9990234375 -999.9990234375 -999.9990234375 -999.9990234375 -999.9990234375 -999.9990234375 -999.9990234375 -999.9990234375 -999.9990234375 -999.9990234375 -999.9990234375 -999.9990234375 -999.9990234375 -999.9990234375 -999.9990234375 -999.9990234375 0 0 0 0 0 1.37999998405576E-02 0 0 0 0 0 0 0 0 0 0 7.49999983236194E-03 1.83000005781651E-02 1.00000004749745E-03 1.00000004749745E-03 0 0 0 .022299999371171 7.23000019788742E-02 4.23999987542629E-02 7.24000036716461E-02 .102399997413158 7.23000019788742E-02 4.25000004470348E-02 0 3.26999984681606E-02 7.27000012993813E-02 8.26999992132187E-02 .102700002491474 .132699996232986 .142700001597404
-999.9990234375 -999.9990234375 -999.9990234375 -999.9990234375 -999.9990234375 -999.9990234375 -999.9990234375 -999.9990234375 -999.9990234375 -999.9990234375 -999.9990234375 -999.9990234375 -999.9990234375 -999.9990234375 -999.9990234375 -999.9990234375 -999.9990234375 -999.9990234375 -999.9990234375 -999.9990234375 -999.9990234375 -999.9990234375 -999.9990234375 0 0 0 0 3.95000018179417E-02 1.89999993890524E-02 3.1999999191612E-03 0 0 0 0 3.59000004827976E-02 8.39999988675117E-02 2.45999991893768E-02 0 0 0 9.99999974737875E-05 5.00000023748726E-04 0 0 0 5.24000003933907E-02 7.24000036716461E-02 8.25000032782555E-02 8.25000032782555E-02 .122500002384186 4.25000004470348E-02 4.25999984145164E-02 .102600000798702 5.27000017464161E-02 7.27000012993813E-02 .102700002491474 9.26999971270561E-02 .142700001597404 .132699996232986
-999.9990234375 -999.9990234375 -999.9990234375 -999.9990234375 -999.9990234375 -999.9990234375 -999.9990234375 -999.9990234375 -999.9990234375 -999.9990234375 -999.9990234375 -999.9990234375 -999.9990234375 -999.9990234375 -999.9990234375 -999.9990234375 -999.9990234375 -999.9990234375 -999.9990234375 -999.9990234375 -999.9990234375 -999.9990234375 -999.9990234375 -999.9990234375 0 0 0 5.02999983727932E-02 4.89999987185001E-02 2.70000007003546E-03 1.09999999403954E-03 1.00000004749745E-03 0 .063900001347065 .064300000667572 5.38999997079372E-02 .024100000038743 0 0 0 0 0 0 0 0 1.24000003561378E-02 .10249999910593 .132499992847443 9.25000011920929E-02 .152500003576279 .102600000798702 0 4.25999984145164E-02 .112700000405312 8.26999992132187E-02 .102700002491474 9.26999971270561E-02 .142700001597404 0
-999.9990234375 -999.9990234375 -999.9990234375 -999.9990234375 -999.9990234375 -999.9990234375 -999.9990234375 -999.9990234375 -999.9990234375 -999.9990234375 -999.9990234375 -999.9990234375 -999.9990234375 -999.9990234375 -999.9990234375 -999.9990234375 -999.9990234375 -999.9990234375 -999.9990234375 -999.9990234375 -999.9990234375 -999.9990234375 -999.9990234375 -999.9990234375 -999.9990234375 0 0 4.30999994277954E-02 .049600001424551 4.00000018998981E-03 0 0 0 9.31999981403351E-02 7.32000023126602E-02 .023199999704957 3.31999994814396E-02 8.79999995231628E-03 0 0 0 0 0 0 0 3.24999988079071E-02 7.25999996066093E-02 .152600005269051 .172600001096725 9.26000028848648E-02 .102600000798702 8.25999975204468E-02 2.26000007241964E-02 8.26999992132187E-02 5.27000017464161E-02 .102700002491474 7.27000012993813E-02 .122699998319149 0
-999.9990234375 -999.9990234375 -999.9990234375 -999.9990234375 -999.9990234375 -999.9990234375 -999.9990234375 -999.9990234375 -999.9990234375 -999.9990234375 -999.9990234375 -999.9990234375 -999.9990234375 -999.9990234375 -999.9990234375 -999.9990234375 -999.9990234375 -999.9990234375 -999.9990234375 -999.9990234375 -999.9990234375 -999.9990234375 -999.9990234375 -999.9990234375 -999.9990234375 0 0 .016499999910593 2.95000001788139E-02 0 0 0 0 7.38999992609024E-02 5.27999997138977E-02 5.27000017464161E-02 6.00000028498471E-04 5.10000018402934E-03 0 0 0 2.79999990016222E-03 6.27000033855438E-02 5.27000017464161E-02 7.25999996066093E-02 8.25999975204468E-02 9.26000028848648E-02 .132599994540215 8.25999975204468E-02 .142599999904633 9.26000028848648E-02 9.26000028848648E-02 1.26000000163913E-02 1.26000000163913E-02 5.27000017464161E-02 3.26999984681606E-02 8.26999992132187E-02 6.27000033855438E-02 9.70000028610229E-03
-999.9990234375 -999.9990234375 -999.9990234375 -999.9990234375 -999.9990234375 -999.9990234375 -999.9990234375 -999.9990234375 -999.9990234375 -999.9990234375 -999.9990234375 -999.9990234375 -999.9990234375 -999.9990234375 -999.9990234375 -999.9990234375 -999.9990234375 -999.9990234375 -999.9990234375 -999.9990234375 -999.9990234375 -999.9990234375 -999.9990234375 -999.9990234375 -999.9990234375 -999.9990234375 0 0 2.09999992512167E-03 0 0 0 0 1.68999992311001E-02 6.21999986469746E-02 3.03000006824732E-02 2.52000000327826E-02 4.01000007987022E-02 0 0 2.79999990016222E-03 .132799997925758 .142800003290176 6.27000033855438E-02 4.25999984145164E-02 7.25999996066093E-02 9.26000028848648E-02 .122599996626377 .102600000798702 9.26000028848648E-02 .132599994540215 .11259999871254 7.25999996066093E-02 .032600000500679 6.27000033855438E-02 .012699999846518 2.08999998867512E-02 0 0
