sobek/Simulation Result/Changing water levels/maximum Q50 all levels adjusted.asc
nCols        140
nRows        174
xllCorner    108250
yllCorner    537700
CellSize     25
nodata_value -999.999
[rows 125 to 149 of 174, columns 0 to 55 of 140]
-999.9990234375 -999.9990234375 -999.9990234375 -999.9990234375 -999.9990234375 -999.9990234375 -999.9990234375 -999.9990234375 -999.9990234375 -999.9990234375 -999.9990234375 -999.9990234375 -999.9990234375 -999.9990234375 -999.9990234375 -999.9990234375 -999.9990234375 -999.9990234375 -999.9990234375 -999.9990234375 0 0 0 0 0 0 0 0 0 0 0 0 0 0 .012699999846518 7.20999985933304E-02 6.28999993205071E-02 0 0 0 .195999994874001 .206000000238419 .145899996161461 9.57999974489212E-02 9.57999974489212E-02 8.56999978423119E-02 .12559999525547 .145600005984306 .155599996447563 .145600005984306 .155599996447563 8.56000036001205E-02 7.55999982357025E-02 5.55999986827374E-02 0 7.999999797903E-04
-999.9990234375 -999.9990234375 -999.9990234375 -999.9990234375 -999.9990234375 -999.9990234375 -999.9990234375 -999.9990234375 -999.9990234375 -999.9990234375 -999.9990234375 -999.9990234375 -999.9990234375 -999.9990234375 -999.9990234375 -999.9990234375 -999.9990234375 -999.9990234375 0 0 0 0 0 0 0 0 0 0 0 0 0 0 0 0 0 0 .106200002133846 2.62000001966953E-02 4.61000017821789E-02 .276100009679794 .24609999358654 7.59999975562096E-02 8.59000012278557E-02 8.57999995350838E-02 8.57999995350838E-02 7.56999999284744E-02 4.56000007688999E-02 .12559999525547 .105599999427795 .105599999427795 .12559999525547 .12559999525547 7.55999982357025E-02 4.56000007688999E-02 0 0
-999.9990234375 -999.9990234375 -999.9990234375 -999.9990234375 -999.9990234375 -999.9990234375 -999.9990234375 -999.9990234375 -999.9990234375 -999.9990234375 -999.9990234375 -999.9990234375 -999.9990234375 -999.9990234375 -999.9990234375 -999.9990234375 -999.9990234375 0 0 0 0 0 0 0 0 0 0 0 0 0 0 0 0 0 0 0 9.61999967694283E-02 .136199995875359 .136099994182587 7.60999992489815E-02 9.61000025272369E-02 9.61000025272369E-02 2.60000005364418E-02 0 0 0 0 0 0 0 7.55999982357025E-02 .155599996447563 8.56000036001205E-02 3.55999991297722E-02 0 0
-999.9990234375 -999.9990234375 -999.9990234375 -999.9990234375 -999.9990234375 -999.9990234375 -999.9990234375 -999.9990234375 -999.9990234375 -999.9990234375 -999.9990234375 -999.9990234375 -999.9990234375 -999.9990234375 -999.9990234375 0 0 0 0 0 0 0 0 0 0 0 0 0 0 0 0 0 0 0 0 0 .186199992895126 9.61999967694283E-02 7.62000009417534E-02 .106100000441074 9.61000025272369E-02 .106100000441074 0 0 0 0 0 0 0 0 0 0 .115599997341633 .015599999576807 0 0
-999.9990234375 -999.9990234375 -999.9990234375 -999.9990234375 -999.9990234375 -999.9990234375 -999.9990234375 -999.9990234375 -999.9990234375 -999.9990234375 -999.9990234375 -999.9990234375 -999.9990234375 0 0 0 0 0 0 0 0 0 0 0 0 0 0 0 0 0 0 0 .176300004124641 0 1.62000004202127E-02 5.66999986767769E-02 8.64000022411346E-02 4.61999997496605E-02 7.62000009417534E-02 8.61999988555908E-02 5.60999996960163E-02 4.61000017821789E-02 3.62000018358231E-02 0 0 0 0 0 0 0 0 0 2.55999993532896E-02 0 0 0
-999.9990234375 -999.9990234375 -999.9990234375 -999.9990234375 -999.9990234375 -999.9990234375 -999.9990234375 -999.9990234375 -999.9990234375 -999.9990234375 -999.9990234375 0 0 0 0 0 0 0 0 0 0 0 0 0 0 0 0 0 0 0 .126300007104874 9.62999984622002E-02 .196299999952316 7.63000026345253E-02 0 0 5.82999996840954E-02 3.73999997973442E-02 3.62999998033047E-02 2.62000001966953E-02 1.64000000804663E-02 1.00000004749745E-03 6.20000017806888E-03 0 0 0 0 0 0 0 0 0 0 0 0 0
-999.9990234375 -999.9990234375 -999.9990234375 -999.9990234375 -999.9990234375 -999.9990234375 -999.9990234375 -999.9990234375 -999.9990234375 0 0 0 0 0 0 0 0 0 0 0 0 0 0 0 0 0 0 0 0 3.62999998033047E-02 6.62999972701073E-02 1.63000002503395E-02 5.62999993562698E-02 4.63000014424324E-02 0 0 0 5.90000003576279E-02 7.60000012814999E-03 1.99999994947575E-04 1.11999996006489E-02 2.70000007003546E-03 0 2.66999993473291E-02 0 0 0 0 0 0 0 0 0 0 0 0
-999.9990234375 -999.9990234375 -999.9990234375 0 0 0 -999.9990234375 -999.9990234375 0 0 0 0 0 0 0 0 0 0 0 0 0 0 0 0 0 .426499992609024 0 0 0 0 0 0 0 0 0 0 0 2.09999997168779E-02 0 0 2.40000002086163E-02 3.39000001549721E-02 3.29999998211861E-02 8.07999968528748E-02 0 0 0 0 0 0 0 0 0 0 0 0
-999.9990234375 0 0 0 0 0 0 0 0 0 0 0 0 0 0 0 0 0 0 0 0 0 0 0 .396600008010864 .186499997973442 0 0 0 0 0 0 0 0 0 0 0 2.0000000949949E-03 5.31999990344048E-02 2.44999993592501E-02 2.45999991893768E-02 4.45000007748604E-02 2.39000003784895E-02 2.20999997109175E-02 2.71000005304813E-02 0 0 0 .015599999576807 0 0 0 0 0 0 0
-999.9990234375 -999.9990234375 0 0 0 0 0 0 0 0 0 0 0 0 0 0 0 0 0 0 0 0 0 .196999996900558 0 0 0 0 0 0 0 0 0 0 0 0 0 0 9.40999984741211E-02 3.51000018417835E-02 5.53999990224838E-02 3.55999991297722E-02 4.56999987363815E-02 3.46000008285046E-02 5.18000014126301E-02 0 0 0 0 0 0 0 0 0 0 0
-999.9990234375 -999.9990234375 -999.9990234375 -999.9990234375 0 0 0 0 0 0 0 0 0 0 0 0 0 0 0 0 0 .257400006055832 4.76999990642071E-02 4.76000010967255E-02 0 0 0 0 0 8.89999978244305E-03 8.89999978244305E-03 1.88999995589256E-02 0 0 0 0 0 0 0 .135800004005432 3.61000001430511E-02 7.68000036478043E-02 7.68999978899956E-02 5.66000007092953E-02 1.49999996647239E-02 0 0 0 0 4.12000007927418E-02 0 0 0 0 0 0
-999.9990234375 -999.9990234375 -999.9990234375 -999.9990234375 0 0 0 0 0 0 0 .261999994516373 0 0 0 0 0 0 0 .207900002598763 .128099992871284 6.78000003099442E-02 0 0 0 0 0 0 0 1.88999995589256E-02 3.88999991118908E-02 3.88999991118908E-02 4.89000007510185E-02 1.88999995589256E-02 2.87999995052814E-02 1.87999997287989E-02 5.86999990046024E-02 0 0 9.61000025272369E-02 8.65999981760979E-02 5.71000017225742E-02 7.73999989032745E-02 .048200000077486 7.30000017210841E-03 0 0 0 0 0 0 0 0 0 0 0
-999.9990234375 -999.9990234375 0 0 0 0 0 0 1.68999992311001E-02 0 0 .131999999284744 .432000011205673 0 0 0 0 0 7.81000033020973E-02 0 0 9.99999977648258E-03 2.88999993354082E-02 1.16999996826053E-02 1.27999996766448E-02 6.32999986410141E-02 .033500000834465 2.36000008881092E-02 1.30000000353903E-03 1.00000004749745E-03 .058899998664856 7.89000019431114E-02 3.88999991118908E-02 6.88000023365021E-02 3.88000011444092E-02 3.88000011444092E-02 2.86999996751547E-02 3.86000014841557E-02 1.84000004082918E-02 1.75999999046326E-02 .096900001168251 .067500002682209 5.82000017166138E-02 8.83999988436699E-02 0 0 0 0 0 6.09999988228083E-03 3.46999987959862E-02 0 0 7.1000000461936E-03 1.75999999046326E-02 3.81000004708767E-02
-999.9990234375 0 0 0 0 3.46999987959862E-02 .033500000834465 5.07000014185905E-02 .067500002682209 8.57999995350838E-02 8.99999984540045E-04 0 5.20000010728836E-02 .282000005245209 0 0 .118500001728535 3.90999987721443E-02 2.91000008583069E-02 8.20000004023314E-03 2.14000009000301E-02 3.70999984443188E-02 3.04000005125999E-02 .032200001180172 4.30000014603138E-02 5.31999990344048E-02 2.34999991953373E-02 1.37000000104308E-02 2.40000011399388E-03 0 3.88999991118908E-02 7.89000019431114E-02 4.89000007510185E-02 7.88000002503395E-02 7.88000002503395E-02 4.87999990582466E-02 3.86999994516373E-02 3.86000014841557E-02 8.86000022292137E-02 2.85000000149012E-02 6.83000013232231E-02 .118299998342991 9.84999984502792E-02 9.84999984502792E-02 6.85999989509583E-02 0 0 0 2.30000005103648E-03 2.88999993354082E-02 4.87999990582466E-02 1.53999999165535E-02 3.81999984383583E-02 .048200000077486 1.73000004142523E-02 5.75000010430813E-02
-999.9990234375 0 2.08999998867512E-02 5.53000010550022E-02 7.28999972343445E-02 .166800007224083 .063900001347065 .131400004029274 8.90000015497208E-02 .114699997007847 .111800000071526 0 0 0 0 0 7.91999995708466E-02 2.30999998748302E-02 2.99999993294477E-02 5.84999993443489E-02 4.87999990582466E-02 2.01999992132187E-02 5.20999990403652E-02 5.26000000536442E-02 5.29999993741512E-02 6.31999969482422E-02 2.34999991953373E-02 1.37999998405576E-02 2.70000007003546E-03 7.60000012814999E-03 6.69999979436398E-03 4.89000007510185E-02 4.89000007510185E-02 4.87999990582466E-02 6.88000023365021E-02 4.87999990582466E-02 6.87000006437302E-02 5.86000010371208E-02 3.86000014841557E-02 5.84000013768673E-02 7.85000026226044E-02 .108499996364117 9.86000001430511E-02 9.86000001430511E-02 .168699994683266 0 0 0 7.93000012636185E-02 2.94000003486872E-02 1.48000000044703E-02 .112099997699261 4.96999993920326E-02 8.82000029087067E-02 7.80000016093254E-02 6.76999986171722E-02
-999.9990234375 -999.9990234375 -999.9990234375 2.84000001847744E-02 6.49999976158142E-02 7.53000006079674E-02 .113200001418591 .122400000691414 .090999998152256 5.20999990403652E-02 9.49999988079071E-02 .125499993562698 .017400000244379 0 .133300006389618 8.88999998569489E-02 3.42000015079975E-02 3.10999993234873E-02 3.46000008285046E-02 5.20999990403652E-02 4.06000018119812E-02 3.15999984741211E-02 4.23999987542629E-02 4.25999984145164E-02 4.32000011205673E-02 5.33000007271767E-02 3.39000001549721E-02 4.19999985024333E-03 2.42999996989965E-02 3.33000011742115E-02 6.59999996423721E-03 0 2.88999993354082E-02 3.88000011444092E-02 5.88000006973743E-02 2.87999995052814E-02 0 1.48000000044703E-02 2.87999995052814E-02 6.87000006437302E-02 9.87000018358231E-02 .10869999974966 .10869999974966 9.87000018358231E-02 8.87999981641769E-02 .098800003528595 8.99999961256981E-03 4.93000000715256E-02 4.93000000715256E-02 4.93000000715256E-02 8.2999998703599E-03 1.13000003620982E-02 .100500002503395 5.90000003576279E-02 2.83000003546476E-02 5.79000003635883E-02
-999.9990234375 -999.9990234375 -999.9990234375 -999.9990234375 0 4.45000007748604E-02 9.39000025391579E-02 9.30000022053719E-02 9.17999967932701E-02 7.11999982595444E-02 2.99999993294477E-02 .097900003194809 .187600001692772 8.66999998688698E-02 5.84000013768673E-02 6.68999999761581E-02 3.44999991357327E-02 5.00000007450581E-02 .061999998986721 4.72000017762184E-02 9.80000011622906E-03 4.25999984145164E-02 5.27999997138977E-02 .014299999922514 3.84999997913837E-02 8.99999961256981E-03 3.55999991297722E-02 1.59000009298325E-02 3.51000018417835E-02 2.45999991893768E-02 1.27999996766448E-02 7.40000000223517E-03 0 2.87999995052814E-02 0 0 0 3.55999991297722E-02 1.47000001743436E-02 6.87000006437302E-02 7.88000002503395E-02 .098800003528595 .098800003528595 9.88999977707863E-02 .108900003135204 .138899996876717 .028999999165535 1.92000009119511E-02 3.92999984323978E-02 2.93000005185604E-02 1.37999998405576E-02 1.53000000864267E-02 .09009999781847 6.93999975919724E-02 5.88000006973743E-02 6.81999996304512E-02
-999.9990234375 -999.9990234375 -999.9990234375 -999.9990234375 -999.9990234375 -999.9990234375 1.19000002741814E-02 6.31999969482422E-02 9.26000028848648E-02 5.18000014126301E-02 2.19000000506639E-02 5.82000017166138E-02 6.85999989509583E-02 0 0 3.90999987721443E-02 .063400000333786 4.85999993979931E-02 2.52999998629093E-02 1.31999999284744E-02 1.56999994069338E-02 2.09999997168779E-02 .028999999165535 .046000000089407 4.65999990701675E-02 4.58999983966351E-02 5.11000007390976E-02 4.93000000715256E-02 3.57000008225441E-02 2.54999995231628E-02 2.58000008761883E-02 .0472999997437 0 0 0 0 0 0 1.20000001043081E-02 0 .108900003135204 .12890000641346 .118900001049042 .108999997377396 .108999997377396 .108999997377396 .109099999070168 2.92000006884336E-02 4.91999983787537E-02 1.93000007420778E-02 1.30000000353903E-03 0 0 8.00999999046326E-02 7.94999971985817E-02 3.86999994516373E-02
-999.9990234375 -999.9990234375 -999.9990234375 -999.9990234375 -999.9990234375 -999.9990234375 -999.9990234375 0 0 0 0 0 0 0 0 0 2.41999998688698E-02 1.18000004440546E-02 1.98999997228384E-02 .022299999371171 1.35000003501773E-02 1.93000007420778E-02 2.97999996691942E-02 .034400001168251 2.66999993473291E-02 3.94000001251698E-02 7.24999979138374E-02 4.08000014722347E-02 0 1.57999992370605E-02 7.40000000223517E-03 0 0 0 0 0 0 2.34999991953373E-02 4.01999987661839E-02 5.59999980032444E-03 .138999998569489 .108999997377396 9.89999994635582E-02 .108999997377396 .129099994897842 5.90999983251095E-02 .14920000731945 6.92000016570091E-02 9.20000020414591E-03 0 0 0 0 1.21999997645617E-02 .029899999499321 2.88999993354082E-02
-999.9990234375 -999.9990234375 -999.9990234375 -999.9990234375 -999.9990234375 -999.9990234375 -999.9990234375 -999.9990234375 -999.9990234375 0 0 0 0 0 0 0 0 1.59000009298325E-02 2.52000000327826E-02 2.32999995350838E-02 3.61000001430511E-02 .033100001513958 7.71000012755394E-02 3.24000008404255E-02 3.26999984681606E-02 1.89999993890524E-02 2.10999995470047E-02 8.20000004023314E-03 0 0 0 8.00000037997961E-03 0 0 0 0 4.30000014603138E-03 5.95000013709068E-02 3.37999984622002E-02 1.84000004082918E-02 0 .109099999070168 9.91000011563301E-02 .149100005626678 .149100005626678 .179199993610382 .169200003147125 .199200004339218 9.20000020414591E-03 0 0 1.93000007420778E-02 1.93000007420778E-02 8.89999978244305E-03 8.63000005483627E-02 3.03000006824732E-02
-999.9990234375 -999.9990234375 -999.9990234375 -999.9990234375 -999.9990234375 -999.9990234375 -999.9990234375 -999.9990234375 -999.9990234375 -999.9990234375 -999.9990234375 -999.9990234375 0 0 0 0 0 5.60999996960163E-02 5.05999997258186E-02 1.18000004440546E-02 5.24000003933907E-02 4.10000011324883E-02 5.02000004053116E-02 3.18999998271465E-02 4.23000007867813E-02 2.73000001907349E-02 2.49000005424023E-02 0 0 0 0 0 0 0 0 3.37999984622002E-02 6.26000016927719E-02 8.13999995589256E-02 1.47000001743436E-02 9.4999996945262E-03 4.39999997615814E-03 9.91000011563301E-02 .169100001454353 .169100001454353 .169200003147125 .159199997782707 .169200003147125 .199200004339218 7.91999995708466E-02 9.30000003427267E-03 2.93000005185604E-02 4.93000000715256E-02 1.93000007420778E-02 .013399999588728 3.48000004887581E-02 .044599998742342
-999.9990234375 -999.9990234375 -999.9990234375 -999.9990234375 -999.9990234375 -999.9990234375 -999.9990234375 -999.9990234375 -999.9990234375 -999.9990234375 -999.9990234375 -999.9990234375 -999.9990234375 -999.9990234375 0 0 0 0 4.78999987244606E-02 6.23999983072281E-02 3.37000004947186E-02 .029899999499321 4.56000007688999E-02 3.48999984562397E-02 4.65999990701675E-02 0 0 0 0 0 0 0 0 0 0 8.55000019073486E-02 5.31999990344048E-02 5.27000017464161E-02 5.59999980032444E-03 1.5999999595806E-03 0 0 .14920000731945 .139200001955032 .179199993610382 .199200004339218 .179199993610382 .14920000731945 .219300001859665 3.92999984323978E-02 4.93000000715256E-02 2.93000005185604E-02 3.92999984323978E-02 9.60000045597553E-03 0 2.51000002026558E-02
-999.9990234375 -999.9990234375 -999.9990234375 -999.9990234375 -999.9990234375 -999.9990234375 -999.9990234375 -999.9990234375 -999.9990234375 -999.9990234375 -999.9990234375 -999.9990234375 -999.9990234375 -999.9990234375 -999.9990234375 -999.9990234375 -999.9990234375 0 .024100000038743 .023199999704957 6.78000003099442E-02 5.57999983429909E-02 4.61999997496605E-02 0 0 0 0 0 0 0 0 0 0 0 0 3.70999984443188E-02 6.09999988228083E-03 2.09999992512167E-03 2.30000005103648E-03 0 0 0 .099200002849102 6.92000016570091E-02 .159199997782707 .139200001955032 .1891999989748 .169300004839897 .189300000667572 .139300003647804 3.92999984323978E-02 2.93000005185604E-02 3.92999984323978E-02 0 0 0
-999.9990234375 -999.9990234375 -999.9990234375 -999.9990234375 -999.9990234375 -999.9990234375 -999.9990234375 -999.9990234375 -999.9990234375 -999.9990234375 -999.9990234375 -999.9990234375 -999.9990234375 -999.9990234375 -999.9990234375 -999.9990234375 -999.9990234375 -999.9990234375 -999.9990234375 0 0 8.89999978244305E-03 0 0 0 0 0 0 0 0 0 0 0 0 0 0 4.25999984145164E-02 0 0 5.79999992623925E-03 0 0 0 3.92999984323978E-02 7.91999995708466E-02 .129199996590614 .149299994111061 .159299999475479 .139300003647804 .149299994111061 0 0 0 0 1.97000000625849E-02 .129700005054474
-999.9990234375 -999.9990234375 -999.9990234375 -999.9990234375 -999.9990234375 -999.9990234375 -999.9990234375 -999.9990234375 -999.9990234375 -999.9990234375 -999.9990234375 -999.9990234375 -999.9990234375 -999.9990234375 -999.9990234375 -999.9990234375 -999.9990234375 -999.9990234375 -999.9990234375 -999.9990234375 -999.9990234375 0 0 0 0 0 0 9.30000003427267E-03 1.70000002253801E-03 0 0 0 0 0 0 0 0 1.40000004321337E-02 1.30000002682209E-02 3.70000000111759E-03 3.40000004507601E-03 1.70000002253801E-03 9.30000003427267E-03 3.92999984323978E-02 .069300003349781 7.93000012636185E-02 .119300000369549 .149299994111061 .139300003647804 .109399996697903 8.94000008702278E-02 0 0 1.97000000625849E-02 .119699999690056 .109700001776218
