sobek/Simulation Result/Changing water levels/maximum Q50 all levels adjusted.asc
nCols        140
nRows        174
xllCorner    108250
yllCorner    537700
CellSize     25
nodata_value -999.999
[rows 100 to 124 of 174, columns 56 to 111 of 140]
0 0 0 0 0 0 0 0 0 0 0 0 0 0 0 0 0 0 0 5.53000010550022E-02 3.75000014901161E-02 4.54000011086464E-02 2.97999996691942E-02 .208700001239777 1.99999994947575E-04 0 0 0 .142700001597404 .102700002491474 .112700000405312 7.25999996066093E-02 4.25999984145164E-02 .182500004768372 .172499999403954 .122500002384186 0 .13230000436306 .17229999601841 0 0 -999.9990234375 -999.9990234375 -999.9990234375 -999.9990234375 -999.9990234375 -999.9990234375 -999.9990234375 -999.9990234375 -999.9990234375 -999.9990234375 -999.9990234375 -999.9990234375 -999.9990234375 -999.9990234375 -999.9990234375
0 0 0 0 0 0 0 0 0 0 0 0 0 0 0 0 0 0 0 2.77999993413687E-02 6.56000003218651E-02 2.69000008702278E-02 .014299999922514 3.42000015079975E-02 .113600000739098 9.99999974737875E-05 3.80000006407499E-03 0 .012699999846518 8.26999992132187E-02 .112700000405312 .112700000405312 .132699996232986 .122599996626377 .162599995732307 7.24999979138374E-02 0 .202299997210503 0 0 -999.9990234375 -999.9990234375 -999.9990234375 -999.9990234375 -999.9990234375 -999.9990234375 -999.9990234375 -999.9990234375 -999.9990234375 -999.9990234375 -999.9990234375 -999.9990234375 -999.9990234375 -999.9990234375 -999.9990234375 -999.9990234375
0 0 0 0 0 0 0 0 0 0 0 0 0 0 0 0 0 0 0 0 7.85000026226044E-02 1.78999993950129E-02 2.99999993294477E-02 2.54999995231628E-02 1.73000004142523E-02 8.26999992132187E-02 1.76999997347593E-02 0 0 4.27000001072884E-02 .132699996232986 .132699996232986 .122699998319149 .162699997425079 .142700001597404 .012699999846518 4.28000018000603E-02 0 0 -999.9990234375 -999.9990234375 -999.9990234375 -999.9990234375 -999.9990234375 -999.9990234375 -999.9990234375 -999.9990234375 -999.9990234375 -999.9990234375 -999.9990234375 -999.9990234375 -999.9990234375 -999.9990234375 -999.9990234375 -999.9990234375 -999.9990234375
0 0 0 0 0 0 0 0 0 0 0 0 0 0 0 0 0 0 0 0 0 1.96000002324581E-02 3.24000008404255E-02 5.9000002220273E-03 0 5.84000013768673E-02 8.52999985218048E-02 0 3.80000006407499E-03 0 2.70000007003546E-03 .192800000309944 .132799997925758 .132799997925758 .142800003290176 .142800003290176 .202800005674362 0 0 -999.9990234375 -999.9990234375 -999.9990234375 -999.9990234375 -999.9990234375 -999.9990234375 -999.9990234375 -999.9990234375 -999.9990234375 -999.9990234375 -999.9990234375 -999.9990234375 -999.9990234375 -999.9990234375 -999.9990234375 -999.9990234375 -999.9990234375
0 0 0 0 0 0 0 0 0 0 0 0 0 0 0 0 0 0 0 0 0 0 0 .011400000192225 6.00000028498471E-04 3.80000006407499E-03 .093800000846386 .093800000846386 3.37999984622002E-02 1.37999998405576E-02 1.35000003501773E-02 8.28000009059906E-02 .172800004482269 .182799994945526 .162799999117851 .262800008058548 0 0 -999.9990234375 -999.9990234375 -999.9990234375 -999.9990234375 -999.9990234375 -999.9990234375 -999.9990234375 -999.9990234375 -999.9990234375 -999.9990234375 -999.9990234375 -999.9990234375 -999.9990234375 -999.9990234375 -999.9990234375 -999.9990234375 -999.9990234375 -999.9990234375
0 0 0 0 0 0 0 0 0 0 0 0 0 0 0 0 0 0 0 0 0 0 0 6.99999975040555E-04 2.39000003784895E-02 4.39000017940998E-02 0 .103900000452995 5.38999997079372E-02 3.37999984622002E-02 .023700000718236 1.31999999284744E-02 .092799998819828 .162900000810623 .172800004482269 0 0 -999.9990234375 -999.9990234375 -999.9990234375 -999.9990234375 -999.9990234375 -999.9990234375 -999.9990234375 -999.9990234375 -999.9990234375 -999.9990234375 -999.9990234375 -999.9990234375 -999.9990234375 -999.9990234375 -999.9990234375 -999.9990234375 -999.9990234375 -999.9990234375 -999.9990234375
0 0 0 0 0 0 0 0 0 0 0 0 0 0 0 9.99999977648258E-03 9.99999974737875E-05 0 0 0 0 0 0 2.39000003784895E-02 0 5.38999997079372E-02 8.38999971747398E-02 .063900001347065 .133900001645088 .113899998366833 5.38000017404556E-02 4.36000004410744E-02 7.29999989271164E-02 .193000003695488 .112800002098083 0 -999.9990234375 -999.9990234375 -999.9990234375 -999.9990234375 -999.9990234375 -999.9990234375 -999.9990234375 -999.9990234375 -999.9990234375 -999.9990234375 -999.9990234375 -999.9990234375 -999.9990234375 -999.9990234375 -999.9990234375 -999.9990234375 -999.9990234375 -999.9990234375 -999.9990234375 -999.9990234375
0 0 0 0 0 0 0 0 0 0 0 0 0 0 0 0 0 0 0 0 0 0 0 5.38999997079372E-02 3.39000001549721E-02 9.39000025391579E-02 .113899998366833 9.39000025391579E-02 8.38999971747398E-02 .12389999628067 3.37999984622002E-02 6.36999979615211E-02 2.34999991953373E-02 .223399996757507 0 0 -999.9990234375 -999.9990234375 -999.9990234375 -999.9990234375 -999.9990234375 -999.9990234375 -999.9990234375 -999.9990234375 -999.9990234375 -999.9990234375 -999.9990234375 -999.9990234375 -999.9990234375 -999.9990234375 -999.9990234375 -999.9990234375 -999.9990234375 -999.9990234375 -999.9990234375 -999.9990234375
0 0 0 0 0 0 0 0 0 0 0 0 0 0 0 0 0 0 0 0 0 0 3.40999998152256E-02 4.39000017940998E-02 .113899998366833 7.38999992609024E-02 3.39000001549721E-02 8.38999971747398E-02 .063900001347065 8.38999971747398E-02 .103900000452995 6.37999996542931E-02 .213699996471405 0 0 -999.9990234375 -999.9990234375 -999.9990234375 -999.9990234375 -999.9990234375 -999.9990234375 -999.9990234375 -999.9990234375 -999.9990234375 -999.9990234375 -999.9990234375 -999.9990234375 -999.9990234375 -999.9990234375 -999.9990234375 -999.9990234375 -999.9990234375 -999.9990234375 -999.9990234375 -999.9990234375 -999.9990234375
0 0 0 0 0 0 0 0 0 0 0 0 0 0 0 0 0 0 3.62000018358231E-02 .100599996745586 5.55000007152557E-02 5.00000023748726E-04 0 3.89999989420176E-03 1.38999996706843E-02 .063900001347065 4.39000017940998E-02 5.38999997079372E-02 8.38999971747398E-02 8.38999971747398E-02 9.39000025391579E-02 .163900002837181 .163800001144409 0 -999.9990234375 -999.9990234375 -999.9990234375 -999.9990234375 -999.9990234375 -999.9990234375 -999.9990234375 -999.9990234375 -999.9990234375 -999.9990234375 -999.9990234375 -999.9990234375 -999.9990234375 -999.9990234375 -999.9990234375 -999.9990234375 -999.9990234375 -999.9990234375 -999.9990234375 -999.9990234375 -999.9990234375 -999.9990234375
0 0 0 0 0 0 0 0 0 0 0 0 0 0 0 0 1.57999992370605E-02 .133699998259544 8.37000012397766E-02 6.12000003457069E-02 4.14999984204769E-02 0 0 2.70000007003546E-03 0 .063900001347065 4.39000017940998E-02 5.38999997079372E-02 7.38999992609024E-02 .063900001347065 7.38999992609024E-02 .233899995684624 0 0 -999.9990234375 -999.9990234375 -999.9990234375 -999.9990234375 -999.9990234375 -999.9990234375 -999.9990234375 -999.9990234375 -999.9990234375 -999.9990234375 -999.9990234375 -999.9990234375 -999.9990234375 -999.9990234375 -999.9990234375 -999.9990234375 -999.9990234375 -999.9990234375 -999.9990234375 -999.9990234375 -999.9990234375 -999.9990234375
0 0 0 0 0 0 0 0 0 0 0 0 0 0 0 0 1.94000005722046E-02 8.42000022530556E-02 .113899998366833 4.61999997496605E-02 3.33000011742115E-02 1.38999996706843E-02 7.69999995827675E-03 2.77999993413687E-02 3.39000001549721E-02 4.39000017940998E-02 3.39000001549721E-02 5.38999997079372E-02 4.39000017940998E-02 3.40999998152256E-02 .184200003743172 0 0 -999.9990234375 -999.9990234375 -999.9990234375 -999.9990234375 -999.9990234375 -999.9990234375 -999.9990234375 -999.9990234375 -999.9990234375 -999.9990234375 -999.9990234375 -999.9990234375 -999.9990234375 -999.9990234375 -999.9990234375 -999.9990234375 -999.9990234375 -999.9990234375 -999.9990234375 -999.9990234375 -999.9990234375 -999.9990234375 -999.9990234375
0 0 0 0 0 0 0 0 0 0 0 0 0 0 0 0 0 .063000001013279 6.21999986469746E-02 2.05000005662441E-02 .035300001502037 4.96999993920326E-02 3.48000004887581E-02 3.70999984443188E-02 0 8.38999971747398E-02 .063900001347065 4.39000017940998E-02 0 5.44999986886978E-02 .034400001168251 0 -999.9990234375 -999.9990234375 -999.9990234375 -999.9990234375 -999.9990234375 -999.9990234375 -999.9990234375 -999.9990234375 -999.9990234375 -999.9990234375 -999.9990234375 -999.9990234375 -999.9990234375 -999.9990234375 -999.9990234375 -999.9990234375 -999.9990234375 -999.9990234375 -999.9990234375 -999.9990234375 -999.9990234375 -999.9990234375 -999.9990234375 -999.9990234375
.102300003170967 0 0 0 0 0 0 0 0 0 0 0 0 0 0 0 0 5.16999997198582E-02 4.89999987185001E-02 5.90000003576279E-02 1.62000004202127E-02 1.44999995827675E-02 0 0 0 0 0 3.89999989420176E-03 0 6.45999982953072E-02 0 0 -999.9990234375 -999.9990234375 -999.9990234375 -999.9990234375 -999.9990234375 -999.9990234375 -999.9990234375 -999.9990234375 -999.9990234375 -999.9990234375 -999.9990234375 -999.9990234375 -999.9990234375 -999.9990234375 -999.9990234375 -999.9990234375 -999.9990234375 -999.9990234375 -999.9990234375 -999.9990234375 -999.9990234375 -999.9990234375 -999.9990234375 -999.9990234375
0 0 0 0 0 0 0 0 0 0 0 0 0 0 0 0 0 5.2000000141561E-03 .023199999704957 0 0 0 0 3.97999994456768E-02 6.97000026702881E-02 0 0 0 0 0 0 -999.9990234375 -999.9990234375 -999.9990234375 -999.9990234375 -999.9990234375 -999.9990234375 -999.9990234375 -999.9990234375 -999.9990234375 -999.9990234375 -999.9990234375 -999.9990234375 -999.9990234375 -999.9990234375 -999.9990234375 -999.9990234375 -999.9990234375 -999.9990234375 -999.9990234375 -999.9990234375 -999.9990234375 -999.9990234375 -999.9990234375 -999.9990234375 -999.9990234375
0 0 0 0 0 0 0 0 0 0 0 0 0 0 0 0 0 2.60000000707805E-03 6.03000000119209E-02 .060199998319149 8.02000015974045E-02 .1300999969244 .100000001490116 .149900004267693 8.98000001907349E-02 8.98000001907349E-02 .179700002074242 6.96000009775162E-02 0 0 -999.9990234375 -999.9990234375 -999.9990234375 -999.9990234375 -999.9990234375 -999.9990234375 -999.9990234375 -999.9990234375 -999.9990234375 -999.9990234375 -999.9990234375 -999.9990234375 -999.9990234375 -999.9990234375 -999.9990234375 -999.9990234375 -999.9990234375 -999.9990234375 -999.9990234375 -999.9990234375 -999.9990234375 -999.9990234375 -999.9990234375 -999.9990234375 -999.9990234375 -999.9990234375
0 0 0 0 0 0 0 0 0 0 0 .109300002455711 1.90999992191792E-02 .12890000641346 9.86000001430511E-02 7.84000009298325E-02 0 7.03999996185303E-02 .120300002396107 .170300006866455 .120300002396107 4.01999987661839E-02 0 0 0 0 9.96999964118004E-02 0 0 -999.9990234375 -999.9990234375 -999.9990234375 -999.9990234375 -999.9990234375 -999.9990234375 -999.9990234375 -999.9990234375 -999.9990234375 -999.9990234375 -999.9990234375 -999.9990234375 -999.9990234375 -999.9990234375 -999.9990234375 -999.9990234375 -999.9990234375 -999.9990234375 -999.9990234375 -999.9990234375 -999.9990234375 -999.9990234375 -999.9990234375 -999.9990234375 -999.9990234375 -999.9990234375 -999.9990234375
0 0 0 0 0 0 2.04000007361174E-02 8.02000015974045E-02 7.98999965190887E-02 2.96999998390675E-02 9.92999970912933E-02 .139300003647804 .179199993610382 9.91000011563301E-02 4.89000007510185E-02 2.87999995052814E-02 2.97999996691942E-02 0 0 9.39999986439943E-03 0 0 0 0 0 .119699999690056 .139699995517731 0 0 -999.9990234375 -999.9990234375 -999.9990234375 -999.9990234375 -999.9990234375 -999.9990234375 -999.9990234375 -999.9990234375 -999.9990234375 -999.9990234375 -999.9990234375 -999.9990234375 -999.9990234375 -999.9990234375 -999.9990234375 -999.9990234375 -999.9990234375 -999.9990234375 -999.9990234375 -999.9990234375 -999.9990234375 -999.9990234375 -999.9990234375 -999.9990234375 -999.9990234375 -999.9990234375 -999.9990234375
0 0 0 0 0 2.00999993830919E-02 2.00999993830919E-02 4.01000007987022E-02 9.80000011622906E-03 4.93000000715256E-02 .139300003647804 .129299998283386 .129199996590614 .129199996590614 1.89999993890524E-02 2.92000006884336E-02 0 .008500000461936 1.84000004082918E-02 3.79999987781048E-02 4.83999997377396E-02 0 0 0 .089699998497963 .179700002074242 0 0 -999.9990234375 -999.9990234375 -999.9990234375 -999.9990234375 -999.9990234375 -999.9990234375 -999.9990234375 -999.9990234375 -999.9990234375 -999.9990234375 -999.9990234375 -999.9990234375 -999.9990234375 -999.9990234375 -999.9990234375 -999.9990234375 -999.9990234375 -999.9990234375 -999.9990234375 -999.9990234375 -999.9990234375 -999.9990234375 -999.9990234375 -999.9990234375 -999.9990234375 -999.9990234375 -999.9990234375 -999.9990234375
0 0 0 0 0 0 1.99999995529652E-02 2.99999993294477E-02 0 5.93000017106533E-02 .129299998283386 9.92999970912933E-02 9.92999970912933E-02 5.92000000178814E-02 0 0 4.30000014603138E-03 3.81999984383583E-02 3.84000018239021E-02 .048300001770258 5.84000013768673E-02 .008500000461936 0 5.97000010311604E-02 .199699997901917 0 0 -999.9990234375 -999.9990234375 -999.9990234375 -999.9990234375 -999.9990234375 -999.9990234375 -999.9990234375 -999.9990234375 -999.9990234375 -999.9990234375 -999.9990234375 -999.9990234375 -999.9990234375 -999.9990234375 -999.9990234375 -999.9990234375 -999.9990234375 -999.9990234375 -999.9990234375 -999.9990234375 -999.9990234375 -999.9990234375 -999.9990234375 -999.9990234375 -999.9990234375 -999.9990234375 -999.9990234375 -999.9990234375 -999.9990234375
0 0 0 0 0 0 3.99000011384487E-02 .029899999499321 1.96000002324581E-02 3.92999984323978E-02 9.92999970912933E-02 7.93000012636185E-02 .069300003349781 0 0 .016499999910593 2.30000000447035E-02 .047800000756979 4.85000014305115E-02 2.85999998450279E-02 5.84000013768673E-02 0 0 .129700005054474 .18970000743866 0 -999.9990234375 -999.9990234375 -999.9990234375 -999.9990234375 -999.9990234375 -999.9990234375 -999.9990234375 -999.9990234375 -999.9990234375 -999.9990234375 -999.9990234375 -999.9990234375 -999.9990234375 -999.9990234375 -999.9990234375 -999.9990234375 -999.9990234375 -999.9990234375 -999.9990234375 -999.9990234375 -999.9990234375 -999.9990234375 -999.9990234375 -999.9990234375 -999.9990234375 -999.9990234375 -999.9990234375 -999.9990234375 -999.9990234375 -999.9990234375
0 0 0 0 0 9.60000045597553E-03 0 1.97000000625849E-02 9.60000045597553E-03 9.39999986439943E-03 5.93000017106533E-02 5.93000017106533E-02 0 0 0 0 2.55999993532896E-02 1.92000009119511E-02 .049600001424551 3.97999994456768E-02 1.89999993890524E-02 0 .149700000882149 .149700000882149 0 0 -999.9990234375 -999.9990234375 -999.9990234375 -999.9990234375 -999.9990234375 -999.9990234375 -999.9990234375 -999.9990234375 -999.9990234375 -999.9990234375 -999.9990234375 -999.9990234375 -999.9990234375 -999.9990234375 -999.9990234375 -999.9990234375 -999.9990234375 -999.9990234375 -999.9990234375 -999.9990234375 -999.9990234375 -999.9990234375 -999.9990234375 -999.9990234375 -999.9990234375 -999.9990234375 -999.9990234375 -999.9990234375 -999.9990234375 -999.9990234375
0 0 0 0 0 3.95999997854233E-02 0 5.95999993383884E-02 3.95999997854233E-02 1.95000004023314E-02 9.92999970912933E-02 3.92999984323978E-02 0 0 0 0 0 .068000003695488 5.11000007390976E-02 4.03999984264374E-02 1.78999993950129E-02 9.70000028610229E-03 6.97000026702881E-02 0 0 -999.9990234375 -999.9990234375 -999.9990234375 -999.9990234375 -999.9990234375 -999.9990234375 -999.9990234375 -999.9990234375 -999.9990234375 -999.9990234375 -999.9990234375 -999.9990234375 -999.9990234375 -999.9990234375 -999.9990234375 -999.9990234375 -999.9990234375 -999.9990234375 -999.9990234375 -999.9990234375 -999.9990234375 -999.9990234375 -999.9990234375 -999.9990234375 -999.9990234375 -999.9990234375 -999.9990234375 -999.9990234375 -999.9990234375 -999.9990234375 -999.9990234375
5.40000014007092E-03 2.19999998807907E-03 2.30000005103648E-03 0 0 5.95999993383884E-02 3.95999997854233E-02 .089599996805191 .049600001424551 3.95999997854233E-02 1.96000002324581E-02 5.95999993383884E-02 1.64000000804663E-02 0 0 0 0 0 0 0 4.47000004351139E-02 7.66000002622604E-02 0 0 -999.9990234375 -999.9990234375 -999.9990234375 -999.9990234375 -999.9990234375 -999.9990234375 -999.9990234375 -999.9990234375 -999.9990234375 -999.9990234375 -999.9990234375 -999.9990234375 -999.9990234375 -999.9990234375 -999.9990234375 -999.9990234375 -999.9990234375 -999.9990234375 -999.9990234375 -999.9990234375 -999.9990234375 -999.9990234375 -999.9990234375 -999.9990234375 -999.9990234375 -999.9990234375 -999.9990234375 -999.9990234375 -999.9990234375 -999.9990234375 -999.9990234375 -999.9990234375
1.90999992191792E-02 0 0 0 0 5.95999993383884E-02 2.96000000089407E-02 5.95999993383884E-02 0 3.95999997854233E-02 .089599996805191 2.60000000707805E-03 0 4.41999994218349E-02 0 0 0 7.79999978840351E-03 4.4999998062849E-03 2.78999991714954E-02 7.59000033140183E-02 0 0 0 -999.9990234375 -999.9990234375 -999.9990234375 -999.9990234375 -999.9990234375 -999.9990234375 -999.9990234375 -999.9990234375 -999.9990234375 -999.9990234375 -999.9990234375 -999.9990234375 -999.9990234375 -999.9990234375 -999.9990234375 -999.9990234375 -999.9990234375 -999.9990234375 -999.9990234375 -999.9990234375 -999.9990234375 -999.9990234375 -999.9990234375 -999.9990234375 -999.9990234375 -999.9990234375 -999.9990234375 -999.9990234375 -999.9990234375 -999.9990234375 -999.9990234375 -999.9990234375
