sobek/Simulation Result/Changing water levels/maximum Q50 all levels adjusted.asc
nCols        140
nRows        174
xllCorner    108250
yllCorner    537700
CellSize     25
nodata_value -999.999
[rows 25 to 49 of 174, columns 56 to 111 of 140]
.11259999871254 0 0 5.92000000178814E-02 .1891999989748 .399199992418289 .289200007915497 0 0 0 0 0 0 0 .199200004339218 .139200001955032 .259200006723404 .259200006723404 .169200003147125 .14920000731945 .14920000731945 .219200000166893 .1891999989748 .169200003147125 .159199997782707 .169200003147125 .179199993610382 .119199998676777 0 0 -999.9990234375 -999.9990234375 -999.9990234375 -999.9990234375 -999.9990234375 -999.9990234375 -999.9990234375 -999.9990234375 -999.9990234375 -999.9990234375 -999.9990234375 -999.9990234375 -999.9990234375 -999.9990234375 -999.9990234375 -999.9990234375 -999.9990234375 -999.9990234375 -999.9990234375 -999.9990234375 -999.9990234375 -999.9990234375 -999.9990234375 -999.9990234375 -999.9990234375 -999.9990234375
4.30999994277954E-02 .152700006961823 2.49999994412065E-03 0 0 7.91999995708466E-02 7.91999995708466E-02 0 0 0 0 0 0 0 1.92000009119511E-02 0 .179199993610382 .269199997186661 .31920000910759 .179199993610382 .179199993610382 .209199994802475 .229200005531311 .199200004339218 .209199994802475 .199200004339218 .329199999570847 .249200001358986 .239199995994568 5.92000000178814E-02 0 -999.9990234375 -999.9990234375 -999.9990234375 -999.9990234375 -999.9990234375 -999.9990234375 -999.9990234375 -999.9990234375 -999.9990234375 -999.9990234375 -999.9990234375 -999.9990234375 -999.9990234375 -999.9990234375 -999.9990234375 -999.9990234375 -999.9990234375 -999.9990234375 -999.9990234375 -999.9990234375 -999.9990234375 -999.9990234375 -999.9990234375 -999.9990234375 -999.9990234375
1.9000000320375E-03 8.99999961256981E-03 .034400001168251 .153099998831749 0 0 0 1.92000009119511E-02 2.92000006884336E-02 3.92000004649162E-02 0 0 0 .259200006723404 .14920000731945 .129199996590614 .219200000166893 .249200001358986 .269199997186661 .329199999570847 .219200000166893 .219200000166893 .199200004339218 .199200004339218 .239199995994568 .309199988842011 .279199987649918 .299199998378754 .309199988842011 .299199998378754 .269199997186661 9.20000020414591E-03 0 -999.9990234375 -999.9990234375 -999.9990234375 -999.9990234375 -999.9990234375 -999.9990234375 -999.9990234375 -999.9990234375 -999.9990234375 -999.9990234375 -999.9990234375 -999.9990234375 -999.9990234375 -999.9990234375 -999.9990234375 -999.9990234375 -999.9990234375 -999.9990234375 -999.9990234375 -999.9990234375 -999.9990234375 -999.9990234375 -999.9990234375
2.15000007301569E-02 2.86999996751547E-02 0 0 7.11999982595444E-02 .180999994277954 0 0 0 4.91999983787537E-02 6.92000016570091E-02 0 4.91999983787537E-02 .269199997186661 .249200001358986 .239199995994568 .279199987649918 .299199998378754 .249200001358986 .279199987649918 .409200012683868 .249200001358986 .229200005531311 .209199994802475 .369199991226196 .259200006723404 .279199987649918 .299199998378754 .31920000910759 .299199998378754 .31920000910759 .329199999570847 .099200002849102 .269199997186661 0 -999.9990234375 0 0 0 -999.9990234375 -999.9990234375 -999.9990234375 -999.9990234375 -999.9990234375 -999.9990234375 -999.9990234375 -999.9990234375 -999.9990234375 -999.9990234375 -999.9990234375 -999.9990234375 -999.9990234375 -999.9990234375 -999.9990234375 -999.9990234375 -999.9990234375
3.04000005125999E-02 1.97999998927116E-02 0 0 0 0 9.87000018358231E-02 .048700001090765 0 0 0 0 3.92000004649162E-02 4.91999983787537E-02 .239199995994568 .309199988842011 .279199987649918 .309199988842011 .289200007915497 .349200010299683 .329199999570847 .329199999570847 .259200006723404 .31920000910759 .309199988842011 .239199995994568 .259200006723404 .299199998378754 .269199997186661 .309199988842011 .339199990034103 .339199990034103 .399199992418289 .429199993610382 .429199993610382 .379200011491776 .459199994802475 .409200012683868 .389200001955032 7.91999995708466E-02 0 -999.9990234375 -999.9990234375 -999.9990234375 -999.9990234375 -999.9990234375 -999.9990234375 -999.9990234375 -999.9990234375 -999.9990234375 -999.9990234375 -999.9990234375 -999.9990234375 -999.9990234375 -999.9990234375 -999.9990234375
1.9000000320375E-03 0 0 0 0 0 0 2.41999998688698E-02 .157800003886223 5.73000013828278E-02 0 0 7.91999995708466E-02 6.92000016570091E-02 .159199997782707 .169200003147125 .289200007915497 .299199998378754 .369199991226196 .359200000762939 .359200000762939 .369199991226196 .329199999570847 .279199987649918 .279199987649918 .259200006723404 .269199997186661 .269199997186661 .239199995994568 .279199987649918 .299199998378754 .399199992418289 .449200004339218 .409200012683868 .419200003147125 .399199992418289 .489199995994568 .659200012683868 .509199976921082 .449200004339218 .429199993610382 0 -999.9990234375 -999.9990234375 -999.9990234375 -999.9990234375 -999.9990234375 -999.9990234375 -999.9990234375 -999.9990234375 -999.9990234375 -999.9990234375 -999.9990234375 -999.9990234375 -999.9990234375 -999.9990234375
4.41000014543533E-02 0 0 0 0 0 6.06000013649464E-02 3.10999993234873E-02 0 0 .116300001740456 5.44999986886978E-02 4.28999997675419E-02 2.92000006884336E-02 6.92000016570091E-02 .099200002849102 .199200004339218 .279199987649918 .269199997186661 .289200007915497 .409200012683868 .349200010299683 .309199988842011 .279199987649918 .289200007915497 .249200001358986 .239199995994568 .279199987649918 .259200006723404 .289200007915497 .289200007915497 .379200011491776 .419200003147125 .429199993610382 .409200012683868 .409200012683868 .389200001955032 1.0291999578476 .909200012683868 .709200024604797 .52920001745224 .459199994802475 0 -999.9990234375 -999.9990234375 -999.9990234375 -999.9990234375 -999.9990234375 -999.9990234375 -999.9990234375 -999.9990234375 -999.9990234375 -999.9990234375 -999.9990234375 -999.9990234375 -999.9990234375
6.40999972820282E-02 0 1.31000000983477E-02 5.29999993741512E-02 2.09999992512167E-03 2.83000003546476E-02 4.61000017821789E-02 0 0 2.80000008642673E-02 0 0 4.99999988824129E-03 7.19999987632036E-03 1.79999996908009E-03 1.92000009119511E-02 0 3.92000004649162E-02 5.92000000178814E-02 .169200003147125 .279199987649918 .299199998378754 .289200007915497 .289200007915497 .259200006723404 .259200006723404 .239199995994568 .259200006723404 .269199997186661 .279199987649918 .339199990034103 .369199991226196 .439200013875961 .449200004339218 .419200003147125 .399199992418289 .399199992418289 .819199979305267 .979200005531311 1.1191999912262 1.0492000579834 .839200019836426 .409200012683868 0 -999.9990234375 -999.9990234375 -999.9990234375 -999.9990234375 -999.9990234375 -999.9990234375 -999.9990234375 -999.9990234375 -999.9990234375 -999.9990234375 -999.9990234375 -999.9990234375
.164100006222725 5.37000000476837E-02 8.34999978542328E-02 4.28999997675419E-02 0 8.91000032424927E-02 9.89999994635582E-02 0 0 1.86000000685453E-02 0 0 5.9000002220273E-03 6.30000000819564E-03 1.00000004749745E-03 0 0 0 0 0 0 .14920000731945 .239199995994568 .239199995994568 .249200001358986 .229200005531311 .259200006723404 .269199997186661 .239199995994568 .299199998378754 .339199990034103 .409200012683868 .449200004339218 .459199994802475 .459199994802475 .519200026988983 .499199986457825 .559199988842011 .769200026988983 .899200022220612 .959200024604797 .959200024604797 .679199993610382 .109200000762939 0 -999.9990234375 -999.9990234375 -999.9990234375 -999.9990234375 -999.9990234375 -999.9990234375 -999.9990234375 -999.9990234375 -999.9990234375 -999.9990234375 -999.9990234375
5.42000010609627E-02 .133599996566772 .113499999046326 4.14999984204769E-02 7.95999988913536E-02 9.92999970912933E-02 .129299998283386 0 .102099999785423 5.38000017404556E-02 8.66999998688698E-02 0 9.39999986439943E-03 3.90000008046627E-02 0 0 0 0 3.92000004649162E-02 1.92000009119511E-02 0 .179199993610382 .219200000166893 .239199995994568 .239199995994568 .199200004339218 .219200000166893 .289200007915497 .279199987649918 .349200010299683 .419200003147125 .489199995994568 .459199994802475 .519200026988983 .459199994802475 .509199976921082 .489199995994568 .539200007915497 .789200007915497 .649200022220612 .559199988842011 .599200010299683 .63919997215271 .459199994802475 0 -999.9990234375 -999.9990234375 -999.9990234375 -999.9990234375 -999.9990234375 -999.9990234375 -999.9990234375 -999.9990234375 -999.9990234375 -999.9990234375 -999.9990234375
6.41999989748001E-02 6.32999986410141E-02 7.24000036716461E-02 .150299996137619 .09009999781847 .089599996805191 6.92000016570091E-02 5.84999993443489E-02 8.34000036120415E-02 3.04000005125999E-02 .102799996733665 7.56999999284744E-02 0 5.24000003933907E-02 5.99999986588955E-02 0 0 0 2.92000006884336E-02 9.20000020414591E-03 0 7.91999995708466E-02 .259200006723404 .259200006723404 .249200001358986 .239199995994568 .249200001358986 .309199988842011 .379200011491776 .429199993610382 .349200010299683 .549199998378754 .389200001955032 .449200004339218 .469199985265732 .509199976921082 .429199993610382 .429199993610382 .679199993610382 .739199995994568 .629199981689453 .619199991226196 .629199981689453 .659200012683868 .449200004339218 0 -999.9990234375 -999.9990234375 -999.9990234375 -999.9990234375 -999.9990234375 -999.9990234375 -999.9990234375 -999.9990234375 -999.9990234375 -999.9990234375
.033500000834465 5.59999980032444E-03 3.18999998271465E-02 6.06000013649464E-02 9.98999997973442E-02 5.95999993383884E-02 4.89000007510185E-02 8.74999985098839E-02 1.09999999403954E-03 1.53000000864267E-02 1.22999995946884E-02 4.19999994337559E-02 4.01999987661839E-02 .060199998319149 .032600000500679 4.50000017881393E-02 0 0 0 0 7.91999995708466E-02 .169200003147125 .179199993610382 .199200004339218 .249200001358986 .249200001358986 .309199988842011 .339199990034103 .399199992418289 .329199999570847 .349200010299683 .459199994802475 .459199994802475 .439200013875961 .439200013875961 .439200013875961 .479200005531311 .52920001745224 .589200019836426 .769200026988983 .699199974536896 .789200007915497 .859200000762939 .77920001745224 .749199986457825 .379200011491776 0 -999.9990234375 -999.9990234375 -999.9990234375 -999.9990234375 -999.9990234375 -999.9990234375 -999.9990234375 -999.9990234375 -999.9990234375
4.06000018119812E-02 1.18000004440546E-02 8.20000004023314E-03 .025900000706315 2.25000008940697E-02 9.4999996945262E-03 5.93000017106533E-02 4.85000014305115E-02 0 0 0 2.40000002086163E-02 .034400001168251 2.96000000089407E-02 2.55999993532896E-02 .015599999576807 0 0 0 0 .119199998676777 .209199994802475 .159199997782707 .179199993610382 .239199995994568 .299199998378754 .309199988842011 .339199990034103 .349200010299683 .339199990034103 .359200000762939 .409200012683868 .459199994802475 .419200003147125 .429199993610382 .489199995994568 .509199976921082 .419200003147125 .709200024604797 .959200024604797 .919200003147125 .879199981689453 .959200024604797 .849200010299683 .869199991226196 .849200010299683 .279199987649918 0 -999.9990234375 -999.9990234375 -999.9990234375 -999.9990234375 -999.9990234375 -999.9990234375 -999.9990234375 -999.9990234375
6.72999992966652E-02 4.72000017762184E-02 2.41999998688698E-02 5.33999986946583E-02 9.89999994635582E-03 2.85000000149012E-02 8.89999978244305E-03 0 0 0 0 0 .023199999704957 0 0 0 0 0 0 0 .139200001955032 .179199993610382 .1891999989748 .199200004339218 .239199995994568 .269199997186661 .31920000910759 .339199990034103 .409200012683868 .389200001955032 .449200004339218 .359200000762939 .419200003147125 .409200012683868 .519200026988983 .489199995994568 .52920001745224 .499199986457825 .769200026988983 .819199979305267 .839200019836426 .849200010299683 .939199984073639 .969200015068054 .929199993610382 .939199984073639 .729200005531311 .099200002849102 0 -999.9990234375 -999.9990234375 -999.9990234375 -999.9990234375 -999.9990234375 -999.9990234375 -999.9990234375
4.54000011086464E-02 2.38000005483627E-02 2.83000003546476E-02 3.18999998271465E-02 2.23999992012978E-02 0 0 0 0 0 0 0 0 0 0 0 0 0 0 .119199998676777 .139200001955032 .14920000731945 .169200003147125 .219200000166893 .279199987649918 .31920000910759 .31920000910759 .409200012683868 .399199992418289 .399199992418289 .459199994802475 .419200003147125 .499199986457825 .429199993610382 .499199986457825 .459199994802475 .469199985265732 .469199985265732 .949199974536896 1.05920004844666 1.08920001983643 1.0492000579834 1.0291999578476 1.05920004844666 .849200010299683 .609200000762939 .229200005531311 0 0 -999.9990234375 -999.9990234375 -999.9990234375 -999.9990234375 -999.9990234375 -999.9990234375 -999.9990234375
3.99000011384487E-02 3.99999991059303E-02 2.25000008940697E-02 0 8.00000037997961E-03 0 0 0 0 0 0 0 0 0 0 0 0 0 2.92000006884336E-02 .129199996590614 .139200001955032 .159199997782707 .1891999989748 .239199995994568 .279199987649918 .399199992418289 .359200000762939 .459199994802475 .419200003147125 .419200003147125 .459199994802475 .479200005531311 .399199992418289 .409200012683868 .459199994802475 .499199986457825 .439200013875961 .509199976921082 .679199993610382 1.01919996738434 .859200000762939 .749199986457825 .539200007915497 .199200004339218 0 0 0 0 0 -999.9990234375 -999.9990234375 -999.9990234375 -999.9990234375 -999.9990234375 -999.9990234375 -999.9990234375
4.28000018000603E-02 3.29999998211861E-02 0 0 0 0 0 0 0 0 0 0 0 0 0 0 0 0 0 .139200001955032 7.91999995708466E-02 .179199993610382 .289200007915497 .199200004339218 .299199998378754 .459199994802475 .489199995994568 .499199986457825 .52920001745224 .459199994802475 .459199994802475 .469199985265732 .389200001955032 .389200001955032 .359200000762939 .509199976921082 .219200000166893 0 .359200000762939 .14920000731945 7.91999995708466E-02 0 0 0 0 0 0 0 .26690000295639 -999.9990234375 -999.9990234375 -999.9990234375 -999.9990234375 -999.9990234375 -999.9990234375 -999.9990234375
2.44999993592501E-02 0 0 0 0 0 0 0 0 0 0 0 0 0 0 0 0 0 0 3.92000004649162E-02 .199200004339218 .229200005531311 .14920000731945 .219200000166893 .389200001955032 .439200013875961 .509199976921082 .579200029373169 .649200022220612 .459199994802475 .489199995994568 .399199992418289 .519200026988983 .499199986457825 .359200000762939 .259099990129471 3.99999991059303E-02 0 0 0 0 0 0 6.89999992027879E-03 7.68999978899956E-02 .146899998188019 .196899995207787 .196899995207787 .18690000474453 .176899999380112 -999.9990234375 -999.9990234375 -999.9990234375 -999.9990234375 -999.9990234375 -999.9990234375
0 0 0 0 0 0 0 0 0 0 0 0 0 0 0 0 0 0 4.91999983787537E-02 .089199997484684 .269199997186661 .219200000166893 .229200005531311 .31920000910759 .399199992418289 .509199976921082 .559199988842011 .619199991226196 .63919997215271 .579200029373169 .459199994802475 .459199994802475 .379200011491776 0 0 1.35000003501773E-02 1.77999995648861E-02 0 0 5.05999997258186E-02 0 0 0 0 0 .136899992823601 .176899999380112 .166899994015694 .176899999380112 .176899999380112 .166899994015694 -999.9990234375 -999.9990234375 -999.9990234375 -999.9990234375 -999.9990234375
.048700001090765 6.85999989509583E-02 6.50000013411045E-03 1.49999996647239E-02 3.03000006824732E-02 0 0 0 0 0 0 0 0 0 0 0 0 1.92000009119511E-02 3.92000004649162E-02 .119199998676777 .14920000731945 .259200006723404 .379200011491776 .369199991226196 .479200005531311 .569199979305267 .599200010299683 .599200010299683 .619199991226196 .619199991226196 .519200026988983 0 0 .133499994874001 .103500001132488 1.35000003501773E-02 0 0 0 1.05999996885657E-02 1.05999996885657E-02 0 3.07000000029802E-02 0 0 0 .166899994015694 .166899994015694 .18690000474453 .166899994015694 .166899994015694 0 -999.9990234375 -999.9990234375 -999.9990234375 -999.9990234375
6.88000023365021E-02 5.84999993443489E-02 4.74999994039536E-02 3.48999984562397E-02 0 3.46000008285046E-02 0 0 0 0 0 0 0 0 0 0 0 0 0 .109200000762939 .14920000731945 .199200004339218 .229200005531311 .349200010299683 .52920001745224 .589200019836426 .579200029373169 .619199991226196 .63919997215271 .569199979305267 .339199990034103 9.91000011563301E-02 0 .173500001430511 .113499999046326 0 0 0 0 5.05999997258186E-02 0 2.07000002264977E-02 1.07000004500151E-02 1.07000004500151E-02 0 0 .046900000423193 .146899998188019 .156900003552437 .216900005936623 5.68999983370304E-02 0 0 -999.9990234375 -999.9990234375 -999.9990234375
6.88999965786934E-02 4.83999997377396E-02 5.77000007033348E-02 2.41999998688698E-02 .017400000244379 2.60000005364418E-02 3.77000011503696E-02 0 0 0 0 0 0 0 0 0 0 0 0 5.92000000178814E-02 .109200000762939 .169200003147125 .219200000166893 .259200006723404 .419200003147125 .619199991226196 .499199986457825 .419200003147125 .469099998474121 .339100003242493 .169100001454353 0 0 .143500000238419 6.35000020265579E-02 0 0 9.45999994874001E-02 7.46000036597252E-02 3.06000001728535E-02 6.06000013649464E-02 2.07000002264977E-02 0 0 0 0 0 .116899996995926 .156900003552437 .166899994015694 1.68999992311001E-02 0 0 -999.9990234375 -999.9990234375 -999.9990234375
4.87999990582466E-02 4.85000014305115E-02 3.79000008106232E-02 1.48999998345971E-02 1.09000001102686E-02 0 .028999999165535 9.04999971389771E-02 0 0 0 0 0 0 0 0 0 0 0 0 .129199996590614 .159199997782707 .209199994802475 .309199988842011 .279199987649918 .199200004339218 .219300001859665 .229200005531311 5.46000003814697E-02 0 0 0 0 0 5.35000003874302E-02 0 0 0 1.00999996066093E-02 .090599998831749 3.06000001728535E-02 2.07000002264977E-02 0 0 0 0 0 0 .196899995207787 .156900003552437 .096900001168251 0 0 0 -999.9990234375 -999.9990234375
9.80000011622906E-03 1.87999997287989E-02 0 0 .025900000706315 3.57999987900257E-02 2.0000000949949E-03 4.32000011205673E-02 0 0 0 0 0 0 0 0 0 0 0 0 .099200002849102 .179199993610382 .159199997782707 0 0 0 0 0 4.85999993979931E-02 1.22999995946884E-02 .201900005340576 .191699996590614 0 0 9.35000032186508E-02 0 0 0 0 0 3.50000010803342E-03 9.07000005245209E-02 0 0 0 0 0 0 .146899998188019 .126900002360344 0 0 0 1.66999995708466E-02 6.69999979436398E-03 -999.9990234375
1.04000000283122E-02 0 0 0 4.58999983966351E-02 2.56999991834164E-02 4.45000007748604E-02 0 0 0 0 0 0 0 0 0 0 0 0 0 .129199996590614 0 0 0 0 .140000000596046 0 4.03000004589558E-02 7.47999995946884E-02 .2483000010252 .164100006222725 .163599997758865 0 0 9.4999996945262E-03 0 0 0 3.57999987900257E-02 7.54999965429306E-02 .115699999034405 0 0 0 0 0 0 0 0 0 0 5.66999986767769E-02 1.66999995708466E-02 2.66999993473291E-02 6.69999979436398E-03 0
